[0.   0.01 0.02 0.03 0.04 0.05 0.06 0.07 0.08 0.09 0.1  0.11 0.12 0.13
 0.14 0.15 0.16 0.17 0.18 0.19 0.2  0.21 0.22 0.23 0.24 0.25 0.26 0.27
 0.28 0.29 0.3  0.31 0.32 0.33 0.34 0.35 0.36 0.37 0.38 0.39 0.4  0.41
 0.42 0.43 0.44 0.45 0.46 0.47 0.48 0.49 0.5  0.51 0.52 0.53 0.54 0.55
 0.56 0.57 0.58 0.59 0.6  0.61 0.62 0.63 0.64 0.65 0.66 0.67 0.68 0.69
 0.7  0.71 0.72 0.73 0.74 0.75 0.76 0.77 0.78 0.79 0.8  0.81 0.82 0.83
 0.84 0.85 0.86 0.87 0.88 0.89 0.9  0.91 0.92 0.93 0.94 0.95 0.96 0.97
 0.98 0.99 1.   1.01 1.02 1.03 1.04 1.05 1.06 1.07 1.08 1.09 1.1  1.11
 1.12 1.13 1.14 1.15 1.16 1.17 1.18 1.19 1.2  1.21 1.22 1.23 1.24 1.25
 1.26 1.27 1.28 1.29 1.3  1.31 1.32 1.33 1.34 1.35 1.36 1.37 1.38 1.39
 1.4  1.41 1.42 1.43 1.44 1.45 1.46 1.47 1.48 1.49 1.5  1.51 1.52 1.53
 1.54 1.55 1.56 1.57 1.58 1.59 1.6  1.61 1.62 1.63 1.64 1.65 1.66 1.67
 1.68 1.69 1.7  1.71 1.72 1.73 1.74 1.75 1.76 1.77 1.78 1.79 1.8  1.81
 1.82 1.83 1.84 1.85 1.86 1.87 1.88 1.89 1.9  1.91 1.92 1.93 1.94 1.95
 1.96 1.97 1.98 1.99]
[10.176384698378898, 0.06316510396280735, 0.06354012327373094, 0.06373040643923653, 0.06385068552165928, 0.06394377968718633, 0.06402583323838483, 0.06410344922967792, 0.06417945206411936, 0.06425503901570219, 0.06433066676161972, 0.0644064460006961, 0.06448232736697428, 0.06455819241589383, 0.06463389902307462, 0.06470930397205572, 0.0647842737937369, 0.06485868945374676, 0.06493244781099604, 0.06500546141005505, 0.0650776574559485, 0.06514897643399221, 0.06521937062600398, 0.06528880265540261, 0.06535724412748185, 0.06542467439414508, 0.06549107945095296, 0.06555645096411153, 0.0656207854185612, 0.06568408337640581, 0.06574634883378304, 0.06580758866481953, 0.06586781214187117, 0.06592703052228467, 0.06598525669299118, 0.06604250486516905, 0.0660987903122379, 0.06615412914534104, 0.06620853812113876, 0.06626203447753387, 0.0663146357934784, 0.06636635986956825, 0.06641722462658115, 0.06646724801947575, 0.0665164479647362, 0.06656484227927426, 0.06661244862919025, 0.06665928448719978, 0.06670536709735439, 0.06675071344620641, 0.06679534023940321, 0.06683926388302772, 0.06688250046902447, 0.06692506576403835, 0.06696697520133639, 0.06700824387519053, 0.06704888653756272, 0.06708891759654087, 0.06712835111643232, 0.06716720081916966, 0.06720548008686285, 0.06724320196525957, 0.06728037916806186, 0.06731702408180248, 0.06735314877134937, 0.06738876498576427, 0.0674238841645395, 0.06745851744409738, 0.06749267566445301, 0.06752636937607717, 0.06755960884679905, 0.06759240406877128, 0.06762476476546263, 0.06765670039863565, 0.06768822017525054, 0.06771933305435546, 0.06775004775383917, 0.06778037275713672, 0.06781031631979766, 0.06783988647593125, 0.06786909104454475, 0.06789793763573557, 0.06792643365673509, 0.06795458631783115, 0.06798240263813071, 0.06800988945116959, 0.06803705341039984, 0.0680639009944984, 0.06809043851256914, 0.06811667210913909, 0.06814260776908634, 0.0681682513223535, 0.06819360844858055, 0.06821868468155859, 0.06824348541356824, 0.06826801589958847, 0.06829228126137012, 0.06831628649137578, 0.06834003645661889, 0.06836353590236273, 0.06838678945571716, 0.06840980162910916, 0.06843257682365783, 0.0684551193324321, 0.06847743334361255, 0.06849952294354371, 0.06852139211969384, 0.0685430447635286, 0.06856448467327747, 0.0685857155566252, 0.06860674103330382, 0.0686275646376197, 0.0686481898208853, 0.06866861995377775, 0.06868885832862184, 0.06870890816160809, 0.0687287725949256, 0.0687484546988422, 0.06876795747370376, 0.06878728385188887, 0.06880643669968257, 0.06882541881910549, 0.068844232949674, 0.06886288177011977, 0.0688813679000368, 0.06889969390149661, 0.06891786228059615, 0.06893587548897019, 0.06895373592524841, 0.06897144593647556, 0.0689890078194771, 0.06900642382219299, 0.06902369614497203, 0.06904082694180726, 0.06905781832156606, 0.06907467234914691, 0.06909139104663667, 0.06910797639440262, 0.06912443033217286, 0.06914075476006867, 0.06915695153962309, 0.06917302249475217, 0.06918896941270872, 0.06920479404500313, 0.06922049810830166, 0.06923608328528952, 0.06925155122552008, 0.06926690354622825, 0.06928214183313201, 0.06929726764119676, 0.06931228249539506, 0.06932718789142613, 0.06934198529642761, 0.06935667614966483, 0.06937126186319441, 0.06938574382251723, 0.06940012338720863, 0.06941440189152913, 0.06942858064502515, 0.06944266093310283, 0.06945664401759684, 0.06947053113731672, 0.06948432350857559, 0.06949802232571697, 0.06951162876161002, 0.06952514396814474, 0.06953856907670881, 0.06955190519864943, 0.06956515342573093, 0.06957831483056535, 0.06959139046704708, 0.06960438137076996, 0.06961728855942736, 0.06963011303321077, 0.0696428557751944, 0.0696555177517101, 0.06966809991270916, 0.06968060319211754, 0.06969302850818504, 0.06970537676382133, 0.06971764884692222, 0.06972984563069205, 0.06974196797395356, 0.0697540167214544, 0.0697659927041598, 0.06977789673954514, 0.06978972963187378, 0.06980149217247487, 0.06981318514000968, 0.06982480930073175, 0.06983636540874205, 0.06984785420623867, 0.06985927642375626, 0.0698706327804039, 0.06988192398409813, 0.06989315073178139, 0.06990431370964785, 0.069915413593355, 0.06992645104823295, 0.06993742672948632]
[0.0649893731296873, 0.0649893731296873, 0.0649893731296873, 0.0649893731296873, 0.0649893731296873, 0.0649893731296873, 0.0649893731296873, 0.0649893731296873, 0.0649893731296873, 0.0649893731296873, 0.0649893731296873, 0.0649893731296873, 0.0649893731296873, 0.0649893731296873, 0.0649893731296873, 0.0649893731296873, 0.0649893731296873, 0.0649893731296873, 0.0649893731296873, 0.0649893731296873, 0.0649893731296873, 0.0649893731296873, 0.0649893731296873, 0.0649893731296873, 0.0649893731296873, 0.0649893731296873, 0.0649893731296873, 0.0649893731296873, 0.0649893731296873, 0.0649893731296873, 0.0649893731296873, 0.0649893731296873, 0.0649893731296873, 0.0649893731296873, 0.0649893731296873, 0.0649893731296873, 0.0649893731296873, 0.0649893731296873, 0.0649893731296873, 0.0649893731296873, 0.0649893731296873, 0.0649893731296873, 0.0649893731296873, 0.0649893731296873, 0.0649893731296873, 0.0649893731296873, 0.0649893731296873, 0.0649893731296873, 0.0649893731296873, 0.0649893731296873, 0.0649893731296873, 0.0649893731296873, 0.0649893731296873, 0.0649893731296873, 0.0649893731296873, 0.0649893731296873, 0.0649893731296873, 0.0649893731296873, 0.0649893731296873, 0.0649893731296873, 0.0649893731296873, 0.0649893731296873, 0.0649893731296873, 0.0649893731296873, 0.0649893731296873, 0.0649893731296873, 0.0649893731296873, 0.0649893731296873, 0.0649893731296873, 0.0649893731296873, 0.0649893731296873, 0.0649893731296873, 0.0649893731296873, 0.0649893731296873, 0.0649893731296873, 0.0649893731296873, 0.0649893731296873, 0.0649893731296873, 0.0649893731296873, 0.0649893731296873, 0.0649893731296873, 0.0649893731296873, 0.0649893731296873, 0.0649893731296873, 0.0649893731296873, 0.0649893731296873, 0.0649893731296873, 0.0649893731296873, 0.0649893731296873, 0.0649893731296873, 0.0649893731296873, 0.0649893731296873, 0.0649893731296873, 0.0649893731296873, 0.0649893731296873, 0.0649893731296873, 0.0649893731296873, 0.0649893731296873, 0.0649893731296873, 0.0649893731296873, 0.0649893731296873, 0.0649893731296873, 0.0649893731296873, 0.0649893731296873, 0.0649893731296873, 0.0649893731296873, 0.0649893731296873, 0.0649893731296873, 0.0649893731296873, 0.0649893731296873, 0.0649893731296873, 0.0649893731296873, 0.0649893731296873, 0.0649893731296873, 0.0649893731296873, 0.0649893731296873, 0.0649893731296873, 0.0649893731296873, 0.0649893731296873, 0.0649893731296873, 0.0649893731296873, 0.0649893731296873, 0.0649893731296873, 0.0649893731296873, 0.0649893731296873, 0.0649893731296873, 0.0649893731296873, 0.0649893731296873, 0.0649893731296873, 0.0649893731296873, 0.0649893731296873, 0.0649893731296873, 0.0649893731296873, 0.0649893731296873, 0.0649893731296873, 0.0649893731296873, 0.0649893731296873, 0.0649893731296873, 0.0649893731296873, 0.0649893731296873, 0.0649893731296873, 0.0649893731296873, 0.0649893731296873, 0.0649893731296873, 0.0649893731296873, 0.0649893731296873, 0.0649893731296873, 0.0649893731296873, 0.0649893731296873, 0.0649893731296873, 0.0649893731296873, 0.0649893731296873, 0.0649893731296873, 0.0649893731296873, 0.0649893731296873, 0.0649893731296873, 0.0649893731296873, 0.0649893731296873, 0.0649893731296873, 0.0649893731296873, 0.0649893731296873, 0.0649893731296873, 0.0649893731296873, 0.0649893731296873, 0.0649893731296873, 0.0649893731296873, 0.0649893731296873, 0.0649893731296873, 0.0649893731296873, 0.0649893731296873, 0.0649893731296873, 0.0649893731296873, 0.0649893731296873, 0.0649893731296873, 0.0649893731296873, 0.0649893731296873, 0.0649893731296873, 0.0649893731296873, 0.0649893731296873, 0.0649893731296873, 0.0649893731296873, 0.0649893731296873, 0.0649893731296873, 0.0649893731296873, 0.0649893731296873, 0.0649893731296873, 0.0649893731296873, 0.0649893731296873, 0.0649893731296873, 0.0649893731296873, 0.0649893731296873, 0.0649893731296873, 0.0649893731296873, 0.0649893731296873, 0.0649893731296873, 0.0649893731296873, 0.0649893731296873, 0.0649893731296873, 0.0649893731296873, 0.0649893731296873]