Graph: Fungal Graph
Number of Nodes: 1531
Number of Edges: 2312
Degree Average: 3.0202482037883738
Degree Variance: 1.989792492281228
Diameter: 48
Radius: 24
Average Eccentricity: 33.682560418027435
Number of Connected Components: 1
Largest Connected Component: 1531
Degree Distribution: [28, 20, 8, 7, 7, 7, 7, 6, 6, 6, 6, 6, 6, 6, 6, 6, 6, 6, 6, 6, 6, 6, 6, 6, 5, 5, 5, 5, 5, 5, 5, 5, 5, 5, 5, 5, 5, 5, 5, 5, 5, 5, 5, 5, 5, 5, 5, 5, 5, 5, 5, 5, 5, 5, 5, 5, 5, 5, 5, 5, 5, 5, 5, 5, 5, 5, 5, 5, 5, 5, 5, 5, 5, 5, 5, 5, 5, 5, 5, 5, 5, 5, 5, 5, 5, 5, 5, 5, 5, 5, 5, 5, 5, 5, 5, 5, 5, 5, 5, 5, 5, 5, 5, 5, 5, 5, 5, 5, 5, 5, 5, 5, 5, 5, 5, 5, 5, 5, 5, 5, 5, 5, 5, 4, 4, 4, 4, 4, 4, 4, 4, 4, 4, 4, 4, 4, 4, 4, 4, 4, 4, 4, 4, 4, 4, 4, 4, 4, 4, 4, 4, 4, 4, 4, 4, 4, 4, 4, 4, 4, 4, 4, 4, 4, 4, 4, 4, 4, 4, 4, 4, 4, 4, 4, 4, 4, 4, 4, 4, 4, 4, 4, 4, 4, 4, 4, 4, 4, 4, 4, 4, 4, 4, 4, 4, 4, 4, 4, 4, 4, 4, 4, 4, 4, 4, 4, 4, 4, 4, 4, 4, 4, 4, 4, 4, 4, 4, 4, 4, 4, 4, 4, 4, 4, 4, 4, 4, 4, 4, 4, 4, 4, 4, 4, 4, 4, 4, 4, 4, 4, 4, 4, 4, 4, 4, 4, 4, 4, 4, 4, 4, 4, 4, 4, 4, 4, 4, 4, 4, 4, 4, 4, 4, 4, 4, 4, 4, 4, 4, 4, 4, 4, 4, 4, 4, 4, 4, 4, 4, 4, 4, 4, 4, 4, 4, 4, 4, 4, 4, 4, 4, 4, 4, 4, 4, 4, 4, 4, 4, 4, 4, 4, 4, 4, 4, 4, 4, 4, 4, 4, 4, 4, 4, 4, 4, 4, 4, 4, 4, 4, 4, 4, 4, 4, 4, 4, 4, 4, 4, 4, 4, 4, 4, 4, 4, 4, 4, 4, 4, 4, 4, 4, 4, 4, 4, 4, 4, 4, 4, 4, 4, 4, 4, 4, 4, 4, 4, 4, 4, 4, 4, 4, 4, 4, 4, 4, 4, 4, 4, 4, 4, 4, 4, 4, 4, 4, 4, 4, 4, 4, 4, 4, 4, 4, 4, 4, 4, 4, 4, 4, 4, 4, 4, 4, 4, 4, 4, 4, 4, 4, 4, 4, 4, 4, 4, 4, 4, 4, 4, 4, 4, 4, 4, 4, 4, 4, 4, 4, 4, 4, 4, 4, 4, 4, 4, 4, 4, 4, 4, 4, 4, 4, 4, 4, 3, 3, 3, 3, 3, 3, 3, 3, 3, 3, 3, 3, 3, 3, 3, 3, 3, 3, 3, 3, 3, 3, 3, 3, 3, 3, 3, 3, 3, 3, 3, 3, 3, 3, 3, 3, 3, 3, 3, 3, 3, 3, 3, 3, 3, 3, 3, 3, 3, 3, 3, 3, 3, 3, 3, 3, 3, 3, 3, 3, 3, 3, 3, 3, 3, 3, 3, 3, 3, 3, 3, 3, 3, 3, 3, 3, 3, 3, 3, 3, 3, 3, 3, 3, 3, 3, 3, 3, 3, 3, 3, 3, 3, 3, 3, 3, 3, 3, 3, 3, 3, 3, 3, 3, 3, 3, 3, 3, 3, 3, 3, 3, 3, 3, 3, 3, 3, 3, 3, 3, 3, 3, 3, 3, 3, 3, 3, 3, 3, 3, 3, 3, 3, 3, 3, 3, 3, 3, 3, 3, 3, 3, 3, 3, 3, 3, 3, 3, 3, 3, 3, 3, 3, 3, 3, 3, 3, 3, 3, 3, 3, 3, 3, 3, 3, 3, 3, 3, 3, 3, 3, 3, 3, 3, 3, 3, 3, 3, 3, 3, 3, 3, 3, 3, 3, 3, 3, 3, 3, 3, 3, 3, 3, 3, 3, 3, 3, 3, 3, 3, 3, 3, 3, 3, 3, 3, 3, 3, 3, 3, 3, 3, 3, 3, 3, 3, 3, 3, 3, 3, 3, 3, 3, 3, 3, 3, 3, 3, 3, 3, 3, 3, 3, 3, 3, 3, 3, 3, 3, 3, 3, 3, 3, 3, 3, 3, 3, 3, 3, 3, 3, 3, 3, 3, 3, 3, 3, 3, 3, 3, 3, 3, 3, 3, 3, 3, 3, 3, 3, 3, 3, 3, 3, 3, 3, 3, 3, 3, 3, 3, 3, 3, 3, 3, 3, 3, 3, 3, 3, 3, 3, 3, 3, 3, 3, 3, 3, 3, 3, 3, 3, 3, 3, 3, 3, 3, 3, 3, 3, 3, 3, 3, 3, 3, 3, 3, 3, 3, 3, 3, 3, 3, 3, 3, 3, 3, 3, 3, 3, 3, 3, 3, 3, 3, 3, 3, 3, 3, 3, 3, 3, 3, 3, 3, 3, 3, 3, 3, 3, 3, 3, 3, 3, 3, 3, 3, 3, 3, 3, 3, 3, 3, 3, 3, 3, 3, 3, 3, 3, 3, 3, 3, 3, 3, 3, 3, 3, 3, 3, 3, 3, 3, 3, 3, 3, 3, 3, 3, 3, 3, 3, 3, 3, 3, 3, 3, 3, 3, 3, 3, 3, 3, 3, 3, 3, 3, 3, 3, 3, 3, 3, 3, 3, 3, 3, 3, 3, 3, 3, 3, 3, 3, 3, 3, 3, 3, 3, 3, 3, 3, 3, 3, 3, 3, 3, 3, 3, 3, 3, 3, 3, 3, 3, 3, 3, 3, 3, 3, 3, 3, 3, 3, 3, 3, 3, 3, 3, 3, 3, 3, 3, 3, 3, 3, 3, 3, 3, 3, 3, 3, 3, 3, 3, 3, 3, 3, 3, 3, 3, 3, 3, 3, 3, 3, 3, 3, 3, 3, 3, 3, 3, 3, 3, 3, 3, 3, 3, 3, 3, 3, 3, 3, 3, 3, 3, 3, 3, 3, 3, 3, 3, 3, 3, 3, 3, 3, 3, 3, 3, 3, 3, 3, 3, 3, 3, 3, 3, 3, 3, 3, 3, 3, 3, 3, 3, 3, 3, 3, 3, 3, 3, 3, 3, 3, 3, 3, 3, 3, 3, 3, 3, 3, 3, 3, 3, 3, 3, 3, 3, 3, 3, 3, 3, 3, 3, 3, 3, 3, 3, 3, 3, 3, 3, 3, 3, 3, 3, 3, 3, 3, 3, 3, 3, 3, 3, 3, 3, 3, 3, 3, 3, 3, 3, 3, 3, 3, 3, 3, 3, 3, 3, 3, 3, 3, 3, 3, 3, 3, 3, 3, 3, 3, 3, 3, 3, 3, 3, 3, 3, 3, 3, 3, 3, 3, 3, 3, 3, 3, 3, 3, 3, 3, 3, 3, 3, 3, 3, 3, 3, 3, 3, 3, 3, 3, 3, 3, 3, 3, 3, 3, 3, 3, 3, 3, 3, 3, 3, 3, 3, 3, 3, 3, 3, 3, 3, 3, 3, 3, 3, 3, 3, 3, 3, 3, 3, 3, 3, 3, 3, 3, 3, 3, 3, 3, 3, 3, 3, 3, 3, 3, 3, 3, 3, 3, 3, 3, 3, 3, 3, 3, 3, 3, 3, 3, 3, 3, 3, 3, 3, 3, 3, 3, 3, 3, 3, 3, 3, 3, 3, 3, 3, 3, 3, 3, 3, 3, 3, 3, 3, 3, 3, 3, 3, 3, 3, 3, 3, 3, 3, 3, 3, 3, 3, 3, 3, 3, 3, 3, 3, 3, 3, 3, 3, 3, 3, 3, 3, 3, 3, 3, 3, 3, 3, 3, 3, 3, 3, 3, 3, 3, 3, 3, 3, 3, 3, 3, 3, 3, 3, 3, 3, 3, 3, 3, 3, 3, 3, 3, 3, 3, 3, 3, 3, 3, 3, 3, 3, 3, 3, 3, 3, 1, 1, 1, 1, 1, 1, 1, 1, 1, 1, 1, 1, 1, 1, 1, 1, 1, 1, 1, 1, 1, 1, 1, 1, 1, 1, 1, 1, 1, 1, 1, 1, 1, 1, 1, 1, 1, 1, 1, 1, 1, 1, 1, 1, 1, 1, 1, 1, 1, 1, 1, 1, 1, 1, 1, 1, 1, 1, 1, 1, 1, 1, 1, 1, 1, 1, 1, 1, 1, 1, 1, 1, 1, 1, 1, 1, 1, 1, 1, 1, 1, 1, 1, 1, 1, 1, 1, 1, 1, 1, 1, 1, 1, 1, 1, 1, 1, 1, 1, 1, 1, 1, 1, 1, 1, 1, 1, 1, 1, 1, 1, 1, 1, 1, 1, 1, 1, 1, 1, 1, 1, 1, 1, 1, 1, 1, 1, 1, 1, 1, 1, 1, 1, 1, 1, 1, 1, 1, 1, 1, 1, 1, 1, 1, 1, 1, 1, 1, 1, 1, 1, 1, 1, 1, 1, 1, 1, 1, 1, 1, 1, 1, 1, 1, 1, 1, 1, 1, 1, 1, 1, 1, 1, 1, 1, 1, 1, 1, 1, 1, 1, 1, 1, 1, 1, 1, 1, 1, 1, 1, 1, 1, 1, 1, 1, 1, 1, 1, 1, 1, 1, 1, 1, 1, 1, 1, 1, 1, 1, 1, 1, 1, 1, 1, 1, 1, 1, 1, 1, 1, 1, 1, 1, 1, 1, 1, 1, 1, 1, 1, 1, 1, 1, 1, 1, 1, 1, 1, 1, 1, 1, 1, 1, 1, 1, 1, 1, 1, 1, 1, 1, 1, 1, 1, 1, 1, 1, 1, 1, 1, 1, 1, 1, 1, 1, 1, 1, 1, 1, 1, 1, 1, 1, 1, 1, 1, 1, 1, 1, 1, 1, 1, 1, 1, 1, 1, 1, 1, 1, 1, 1, 1, 1, 1, 1, 1]
Longest Shortest Paths: [27, 28, 27, 26, 29, 27, 30, 30, 29, 30, 31, 29, 28, 28, 29, 29, 30, 28, 29, 31, 31, 32, 32, 33, 31, 27, 28, 27, 27, 26, 31, 30, 32, 30, 25, 29, 29, 30, 31, 30, 28, 28, 29, 30, 30, 29, 29, 30, 29, 28, 30, 29, 31, 33, 31, 28, 29, 28, 27, 27, 28, 26, 27, 28, 27, 27, 29, 28, 28, 29, 29, 29, 30, 28, 30, 29, 29, 29, 29, 29, 29, 30, 29, 28, 30, 30, 31, 31, 32, 31, 32, 32, 32, 32, 32, 33, 33, 31, 33, 32, 33, 33, 32, 32, 33, 33, 31, 32, 32, 32, 33, 28, 26, 28, 28, 27, 29, 29, 25, 26, 28, 28, 29, 27, 27, 28, 29, 28, 29, 28, 28, 29, 30, 30, 30, 26, 27, 27, 28, 28, 28, 29, 29, 30, 30, 31, 30, 32, 32, 33, 33, 33, 34, 34, 34, 34, 28, 29, 29, 37, 36, 35, 37, 36, 34, 31, 30, 32, 31, 32, 31, 33, 28, 29, 29, 29, 29, 31, 28, 29, 29, 31, 30, 29, 30, 28, 31, 33, 29, 30, 30, 28, 29, 31, 28, 30, 29, 29, 30, 30, 30, 30, 30, 31, 30, 31, 31, 31, 32, 30, 30, 31, 29, 30, 31, 31, 32, 32, 30, 32, 31, 31, 32, 32, 33, 33, 31, 33, 32, 30, 33, 31, 31, 32, 31, 32, 32, 28, 34, 32, 35, 35, 36, 36, 37, 28, 29, 28, 35, 34, 34, 35, 35, 36, 37, 36, 35, 36, 36, 37, 36, 37, 34, 33, 32, 33, 34, 34, 35, 35, 34, 35, 34, 32, 33, 33, 33, 34, 35, 36, 36, 37, 34, 33, 35, 35, 36, 32, 32, 34, 33, 31, 33, 32, 30, 30, 30, 30, 31, 31, 32, 32, 33, 33, 32, 31, 30, 30, 33, 34, 34, 32, 34, 35, 35, 30, 31, 31, 32, 31, 32, 35, 35, 35, 34, 34, 35, 36, 37, 36, 37, 35, 37, 38, 38, 38, 36, 36, 34, 37, 35, 29, 28, 29, 29, 35, 36, 37, 37, 35, 33, 33, 33, 33, 34, 34, 35, 35, 35, 36, 36, 37, 38, 38, 35, 35, 36, 36, 37, 38, 38, 38, 39, 39, 37, 39, 39, 39, 40, 40, 34, 35, 36, 36, 37, 38, 38, 38, 39, 39, 37, 38, 38, 39, 39, 40, 40, 39, 39, 40, 40, 40, 41, 40, 41, 42, 42, 39, 39, 40, 41, 41, 41, 39, 39, 40, 38, 38, 39, 39, 41, 40, 42, 41, 41, 41, 42, 42, 43, 42, 42, 38, 39, 37, 39, 40, 40, 36, 36, 37, 38, 38, 39, 39, 37, 38, 38, 39, 39, 34, 34, 33, 32, 32, 32, 32, 32, 32, 33, 31, 33, 31, 31, 32, 32, 33, 32, 33, 33, 32, 30, 32, 33, 33, 33, 32, 32, 29, 31, 30, 28, 30, 30, 28, 29, 29, 29, 29, 29, 28, 28, 29, 28, 29, 29, 29, 30, 30, 31, 28, 29, 30, 37, 38, 38, 36, 31, 30, 32, 32, 31, 30, 30, 28, 32, 39, 37, 40, 40, 35, 37, 38, 34, 34, 33, 35, 33, 32, 39, 39, 38, 36, 39, 39, 39, 36, 36, 37, 37, 35, 37, 37, 38, 36, 34, 31, 32, 31, 30, 33, 33, 34, 34, 34, 35, 36, 35, 36, 36, 33, 33, 32, 34, 32, 31, 32, 30, 31, 31, 30, 32, 30, 31, 33, 32, 34, 34, 31, 33, 33, 32, 33, 31, 33, 30, 31, 31, 30, 31, 32, 33, 34, 34, 29, 29, 35, 36, 36, 36, 37, 37, 37, 38, 36, 39, 39, 40, 40, 37, 38, 38, 35, 36, 36, 36, 34, 34, 34, 34, 33, 33, 34, 33, 35, 33, 34, 32, 31, 32, 33, 33, 34, 32, 31, 31, 30, 32, 31, 30, 31, 29, 32, 31, 33, 33, 32, 32, 28, 29, 29, 29, 28, 28, 29, 28, 28, 29, 30, 30, 31, 30, 31, 29, 28, 30, 31, 29, 30, 30, 30, 31, 31, 32, 32, 32, 32, 31, 31, 32, 33, 33, 33, 33, 34, 30, 30, 31, 32, 33, 33, 33, 34, 33, 32, 31, 32, 33, 30, 30, 31, 33, 33, 34, 34, 32, 32, 31, 33, 32, 30, 32, 32, 31, 30, 29, 32, 33, 33, 33, 33, 33, 30, 33, 32, 31, 29, 28, 30, 30, 31, 31, 30, 32, 31, 32, 30, 29, 31, 29, 30, 30, 30, 29, 31, 31, 32, 31, 33, 29, 28, 31, 41, 41, 41, 37, 34, 35, 32, 37, 37, 38, 38, 39, 39, 39, 39, 40, 37, 37, 38, 38, 39, 39, 39, 38, 37, 40, 40, 40, 41, 41, 42, 43, 43, 42, 40, 43, 42, 41, 41, 41, 42, 42, 42, 43, 43, 43, 44, 43, 44, 43, 45, 45, 43, 46, 45, 45, 45, 42, 44, 37, 36, 38, 38, 37, 37, 38, 39, 39, 39, 39, 40, 40, 40, 38, 39, 39, 39, 40, 41, 41, 42, 42, 42, 41, 44, 44, 46, 43, 44, 42, 41, 41, 39, 40, 40, 35, 35, 36, 34, 35, 34, 38, 38, 38, 38, 39, 37, 37, 39, 40, 39, 39, 36, 36, 37, 38, 39, 37, 36, 35, 38, 38, 39, 39, 40, 39, 40, 41, 42, 42, 37, 37, 37, 39, 40, 40, 34, 35, 35, 36, 34, 36, 33, 34, 37, 37, 38, 33, 33, 34, 34, 34, 35, 35, 35, 36, 36, 35, 36, 36, 37, 37, 35, 38, 38, 38, 39, 36, 37, 35, 37, 38, 38, 39, 39, 39, 39, 34, 36, 35, 35, 37, 34, 35, 34, 34, 34, 34, 36, 35, 35, 36, 34, 32, 31, 32, 33, 33, 33, 36, 32, 32, 33, 31, 33, 34, 34, 34, 35, 33, 33, 35, 35, 36, 36, 32, 30, 33, 34, 30, 31, 30, 29, 28, 29, 29, 28, 29, 29, 29, 29, 29, 31, 29, 30, 29, 30, 30, 30, 29, 29, 29, 30, 30, 29, 29, 30, 30, 29, 30, 29, 30, 30, 29, 30, 29, 30, 29, 30, 30, 30, 30, 30, 29, 31, 29, 29, 30, 31, 32, 32, 30, 29, 30, 30, 30, 34, 30, 30, 30, 30, 30, 31, 30, 30, 31, 31, 31, 30, 30, 32, 32, 33, 33, 34, 30, 31, 31, 31, 31, 32, 33, 33, 34, 33, 34, 35, 35, 35, 32, 32, 32, 32, 33, 30, 31, 31, 31, 31, 32, 32, 32, 33, 33, 32, 30, 31, 31, 29, 30, 30, 31, 31, 31, 32, 31, 33, 33, 31, 32, 32, 32, 33, 33, 34, 34, 33, 34, 35, 33, 33, 34, 34, 30, 32, 32, 32, 31, 30, 31, 31, 31, 30, 32, 31, 33, 33, 32, 34, 34, 34, 35, 33, 36, 36, 37, 37, 38, 37, 40, 40, 43, 41, 42, 42, 44, 44, 45, 45, 45, 46, 46, 41, 42, 40, 40, 39, 43, 43, 44, 42, 45, 45, 46, 45, 47, 41, 43, 43, 40, 41, 41, 39, 41, 43, 47, 46, 48, 47, 45, 49, 49, 44, 44, 46, 44, 45, 45, 30, 31, 30, 31, 31, 30, 30, 31, 32, 31, 31, 32, 32, 32, 34, 31, 31, 30, 30, 29, 31, 31, 30, 32, 32, 30, 30, 31, 32, 33, 33, 33, 34, 33, 35, 34, 36, 36, 37, 37, 37, 36, 38, 35, 37, 36, 34, 37, 38, 39, 37, 38, 39, 39, 40, 35, 34, 34, 35, 35, 36, 36, 37, 38, 38, 39, 40, 35, 35, 35, 36, 37, 36, 38, 37, 38, 34, 34, 35, 35, 34, 34, 35, 35, 36, 37, 37, 36, 37, 35, 35, 36, 37, 37, 38, 39, 36, 35, 37, 34, 36, 34, 35, 34, 35, 36, 39, 39, 40, 39, 39, 39, 38, 38, 39, 37, 36, 37, 35, 36, 36, 37, 34, 34, 35, 34, 36, 36, 37, 37, 38, 39, 39, 39, 38, 40, 39, 37, 39, 40, 40, 41, 41, 33, 38, 39, 39, 40, 40, 41, 38, 37, 38, 39, 37, 35, 38, 36, 39, 39, 40, 40, 40, 40, 41, 41, 40, 42, 39, 40, 38, 38, 37, 34, 35, 33, 35, 36, 36, 37, 37, 33, 33, 33, 32, 32, 32, 33, 33, 34, 34, 33, 35, 34, 33, 36, 36, 36, 33, 33, 36, 37, 38, 38, 41, 41, 42, 42, 42, 43, 43, 44, 43, 45, 44, 44, 44, 43, 43, 44, 44, 45, 46, 46, 45, 45, 46, 46, 47, 47, 47, 47, 48, 49, 46, 45, 47, 47, 46, 44, 42, 43, 42, 45, 42, 43, 43, 44, 44, 44, 43, 41, 41, 41, 41, 39, 42, 42, 42, 42, 42, 40, 39, 40, 39, 40, 39, 38, 40, 37, 34, 35, 35, 39, 40, 38, 35, 34, 36, 35, 35, 34, 34, 38, 38, 39, 39, 38, 38, 40, 40, 39, 39, 37, 37, 41, 40, 40, 40, 39, 38, 40, 39, 38, 36, 39, 41, 44, 42, 45, 45, 46, 46, 46, 46, 42, 43, 37, 35, 32, 33, 33, 33, 31, 32, 34, 33, 34, 34, 35, 35, 34, 34, 34, 33, 34, 36, 36, 35, 31, 31, 31, 32, 33, 32, 32, 33, 33, 34, 31, 32, 36]
Longest shortest Path Average: 34.682560418027435
Longest Shortest Path Variance: 21.641883973325495
Clustering Coefficients: [0.3333333333333333, 0, 0.3333333333333333, 0.1, 0, 0, 0, 0, 0.1, 0, 0, 0, 0.16666666666666666, 0.3333333333333333, 0, 0.16666666666666666, 0.3333333333333333, 0.3333333333333333, 0.16666666666666666, 0.2, 0.3333333333333333, 0, 0.3333333333333333, 0, 0, 0, 0, 0.3333333333333333, 0.16666666666666666, 0.16666666666666666, 0.16666666666666666, 0.2, 0.2, 0, 0, 0, 0, 0, 0, 0, 0, 0.3333333333333333, 0.3333333333333333, 0.16666666666666666, 0.3333333333333333, 0.6666666666666666, 0.3333333333333333, 0.3333333333333333, 0.2, 0.16666666666666666, 0.16666666666666666, 0.3333333333333333, 0.3333333333333333, 0.3333333333333333, 0, 0.3333333333333333, 0, 0.3333333333333333, 0.021164021164021163, 0.3333333333333333, 0, 0.1, 0, 0, 0, 0, 0, 0, 0, 0, 0, 0, 0, 0.1, 0, 0, 0.3333333333333333, 0.3333333333333333, 0, 0, 0.16666666666666666, 0, 0.4, 0.2, 0.3333333333333333, 0, 0.3333333333333333, 0.3333333333333333, 0, 0, 0.3333333333333333, 0.3333333333333333, 0.3333333333333333, 0, 0, 0, 0, 0, 0.3333333333333333, 0.1, 0.3333333333333333, 0, 0.3333333333333333, 0, 0.16666666666666666, 0, 0.2, 0, 0.3333333333333333, 0.3333333333333333, 0, 0, 0, 0, 0, 0, 0, 0.16666666666666666, 0, 0, 0, 0, 0, 0, 0.16666666666666666, 0, 0, 0.3333333333333333, 0.3333333333333333, 0.3333333333333333, 0, 0.16666666666666666, 0.3333333333333333, 0.3333333333333333, 0.3333333333333333, 0, 0, 0, 0, 0, 0.3333333333333333, 0.16666666666666666, 0.3333333333333333, 0.3333333333333333, 0, 0.16666666666666666, 0.3333333333333333, 0, 0, 0, 0, 0, 0, 0, 0, 0, 0, 0, 0.3333333333333333, 0, 0, 0, 0, 0, 0, 0, 0, 0.16666666666666666, 0, 0.3333333333333333, 0.3333333333333333, 0, 0, 0, 0, 0, 0, 0, 0, 0, 0, 0, 0, 0.3333333333333333, 0, 0, 0, 0, 0, 0, 0.3333333333333333, 0, 0, 0, 0, 0.2, 0.3333333333333333, 0, 0.3333333333333333, 0.1, 0.3, 0.16666666666666666, 0.16666666666666666, 0.3333333333333333, 0.3333333333333333, 0, 0, 0, 0, 0.3333333333333333, 0.16666666666666666, 0.3333333333333333, 0.3333333333333333, 0.3333333333333333, 0, 0, 0, 0, 0, 0.16666666666666666, 0, 0.3333333333333333, 0, 0, 0, 0, 0, 0, 0, 0.3333333333333333, 0, 0, 0, 0, 0.3333333333333333, 0.3333333333333333, 0.6666666666666666, 0, 0, 0, 0.3333333333333333, 0, 0.6666666666666666, 0.23809523809523808, 0.6666666666666666, 0.6666666666666666, 0.6666666666666666, 0.5, 0, 0, 0, 0, 0.16666666666666666, 0, 0.6666666666666666, 0.3333333333333333, 0, 0.3333333333333333, 0.16666666666666666, 0.3333333333333333, 0, 0, 0, 0.3333333333333333, 0.3333333333333333, 0, 0, 0.3333333333333333, 0, 0.16666666666666666, 0.3333333333333333, 0.3333333333333333, 0.16666666666666666, 0, 0, 0, 0, 0, 0, 0, 0.16666666666666666, 0, 0.3333333333333333, 0.1, 0.3333333333333333, 0.3333333333333333, 0, 0, 0.3333333333333333, 0, 0.3333333333333333, 0, 0, 0, 0, 0, 0, 0, 0, 0, 0, 0, 0, 0, 0, 0, 0.16666666666666666, 0, 0, 0, 0, 0, 0, 0, 0, 0, 0, 0, 0, 0, 0, 0, 0, 0, 0.16666666666666666, 0.3333333333333333, 0, 0, 0, 0, 0, 0, 0, 0, 0, 0, 0, 0, 0, 0, 0, 0.3333333333333333, 0, 0.3333333333333333, 0.3333333333333333, 0.3333333333333333, 0.3333333333333333, 0, 0, 0, 0, 0, 0, 0, 0.1, 0, 0, 0.16666666666666666, 0.3333333333333333, 0, 0.3333333333333333, 0.16666666666666666, 0.3333333333333333, 0.16666666666666666, 0, 0, 0, 0, 0, 0.16666666666666666, 0.16666666666666666, 0.16666666666666666, 0.3333333333333333, 0.3333333333333333, 0, 0.3333333333333333, 0.1, 0, 0, 0, 0, 0, 0, 0, 0, 0.3333333333333333, 0, 0, 0, 0, 0, 0.3333333333333333, 0.3333333333333333, 0.1, 0.3333333333333333, 0, 0.3333333333333333, 0.3333333333333333, 0.3333333333333333, 0.6666666666666666, 0.6666666666666666, 0.3333333333333333, 0.13333333333333333, 0.16666666666666666, 0.3333333333333333, 0, 0, 0, 0, 0, 0, 0, 0, 0, 0, 0.3333333333333333, 0, 0.3333333333333333, 0, 0, 0, 0, 0, 0.3333333333333333, 0.3333333333333333, 0.3333333333333333, 0.3333333333333333, 0.16666666666666666, 0.16666666666666666, 0, 0, 0, 0.3333333333333333, 0, 0.3333333333333333, 0, 0, 0, 0, 0.16666666666666666, 0.16666666666666666, 0.3333333333333333, 0, 0, 0.3333333333333333, 0.3333333333333333, 0.3333333333333333, 0, 0, 0, 0, 0, 0.16666666666666666, 0.3333333333333333, 0.16666666666666666, 0, 0.1, 0.13333333333333333, 0, 0.3, 0, 0, 0.5, 0.3333333333333333, 0.3333333333333333, 0.3333333333333333, 0, 0, 0.3333333333333333, 0, 0, 0, 0.3333333333333333, 0.3333333333333333, 0.16666666666666666, 0.6666666666666666, 0.3333333333333333, 0, 0, 0, 0, 0.2, 0.2, 0.06666666666666667, 0, 0, 0.16666666666666666, 0.16666666666666666, 0, 0.3333333333333333, 0.16666666666666666, 0, 0, 0, 0, 0, 0.3333333333333333, 0.3333333333333333, 0.3333333333333333, 0, 0, 0, 0, 0, 0, 0, 0.3333333333333333, 0, 0.6666666666666666, 0.5, 0, 0, 0, 0, 0, 0, 0, 0, 0, 0.3333333333333333, 0, 0, 0.3, 0.6666666666666666, 0.5, 0.3333333333333333, 0.5, 0, 0, 0, 0, 0.2, 0, 0, 0, 0.16666666666666666, 0, 0, 0, 0, 0.6666666666666666, 0.6666666666666666, 0.3333333333333333, 0, 0.3333333333333333, 0, 0.3333333333333333, 0, 0, 0.16666666666666666, 0.2, 0, 0, 0, 0.1, 0.3333333333333333, 0, 0, 0.16666666666666666, 0, 0.3333333333333333, 0.3333333333333333, 0, 0.16666666666666666, 0, 0.3333333333333333, 0, 0.2, 0.16666666666666666, 0.3333333333333333, 0, 0, 0, 0.3333333333333333, 0.16666666666666666, 0.3333333333333333, 0.16666666666666666, 0, 0.3333333333333333, 0.6666666666666666, 0.1, 0.1, 0.16666666666666666, 0, 0.1, 0.3333333333333333, 0.3333333333333333, 0.16666666666666666, 0.3333333333333333, 0.3333333333333333, 0, 0, 0.3333333333333333, 0, 0, 0.2, 0, 0.3333333333333333, 0.3333333333333333, 0, 0, 0, 0, 0, 0, 0, 0, 0, 0, 0, 0, 0, 0, 0.3333333333333333, 0.3333333333333333, 0, 0.3333333333333333, 0.2, 0, 0.3, 0.16666666666666666, 0.16666666666666666, 0, 0, 0.2, 0.4, 0.16666666666666666, 0.2, 0.09523809523809523, 0, 0, 0, 0, 0.16666666666666666, 0, 0.3, 0.2, 0.6666666666666666, 0.3333333333333333, 0.3333333333333333, 0.16666666666666666, 0.3333333333333333, 0.13333333333333333, 0, 0, 0.16666666666666666, 0.16666666666666666, 0.1, 0.1, 0.3333333333333333, 0.16666666666666666, 0.3333333333333333, 0.26666666666666666, 0.16666666666666666, 0.5, 0.3333333333333333, 0.3, 0.1, 0, 0.3333333333333333, 0.3333333333333333, 0.3333333333333333, 0.3333333333333333, 0.3333333333333333, 0, 0.3333333333333333, 0.1, 0.16666666666666666, 0.3333333333333333, 0, 0, 0.1, 0, 0, 0.3333333333333333, 0.2, 0.16666666666666666, 0.2, 0.3, 0.3333333333333333, 0.16666666666666666, 0.3333333333333333, 0, 0, 0, 0, 0, 0, 0, 0, 0, 0, 0.16666666666666666, 0.3333333333333333, 0, 0.3333333333333333, 0.2, 0.3333333333333333, 0.3333333333333333, 0.3333333333333333, 0.26666666666666666, 0.3333333333333333, 0.3, 0.3, 0.3333333333333333, 0.3333333333333333, 0.10714285714285714, 0.16666666666666666, 0.6666666666666666, 0, 0.3, 0.16666666666666666, 0, 0.3333333333333333, 0.3, 0.3333333333333333, 0.16666666666666666, 0.16666666666666666, 0.3, 0.3333333333333333, 0.2, 0.3333333333333333, 0.3333333333333333, 0.3, 0, 0.3333333333333333, 0.2, 0.3, 0.3333333333333333, 0.3333333333333333, 0.3333333333333333, 0.3333333333333333, 0, 0, 0, 0, 0.3333333333333333, 0.1, 0.13333333333333333, 0.3333333333333333, 0.3333333333333333, 0.3333333333333333, 0.3333333333333333, 0.3, 0.3333333333333333, 0.5, 0.3333333333333333, 0.16666666666666666, 0.16666666666666666, 0, 0, 0, 0, 0, 0, 0.3333333333333333, 0, 0.16666666666666666, 0, 0, 0, 0, 0, 0, 0, 0, 0, 0.3333333333333333, 0.3333333333333333, 0.16666666666666666, 0, 0, 0, 0, 0.3333333333333333, 0.3333333333333333, 0.3333333333333333, 0, 0.16666666666666666, 0.3333333333333333, 0, 0, 0, 0, 0, 0, 0, 0, 0.16666666666666666, 0.3333333333333333, 0, 0.2, 0.3333333333333333, 0, 0.3333333333333333, 0.3333333333333333, 0.6666666666666666, 0.16666666666666666, 0.3333333333333333, 0, 0, 0.3333333333333333, 0, 0.16666666666666666, 0.3333333333333333, 0.3333333333333333, 0.3333333333333333, 0.6666666666666666, 0.3333333333333333, 0.3333333333333333, 0.1, 0, 0, 0.16666666666666666, 0, 0.2, 0.3333333333333333, 0, 0, 0.3333333333333333, 0, 0, 0.3333333333333333, 0, 0, 0.5, 0.3333333333333333, 0.3333333333333333, 0.16666666666666666, 0.3333333333333333, 0.3333333333333333, 0.3333333333333333, 0.3333333333333333, 0, 0.1, 0.3333333333333333, 0, 0, 0, 0, 0, 0.16666666666666666, 0.3333333333333333, 0, 0.3333333333333333, 0, 0.3333333333333333, 0.5, 0.16666666666666666, 0.3333333333333333, 0, 0, 0.6666666666666666, 0.16666666666666666, 0.26666666666666666, 0.3, 0.3333333333333333, 0.3333333333333333, 0.3333333333333333, 0, 0.3333333333333333, 0.3333333333333333, 0, 0, 0.16666666666666666, 0, 0, 0, 0, 0.1, 0.3333333333333333, 0, 0, 0, 0.3333333333333333, 0.3333333333333333, 0, 0, 0, 0.3333333333333333, 0, 0, 0, 0, 0, 0, 0, 0, 0.16666666666666666, 0.3333333333333333, 0.3333333333333333, 0.16666666666666666, 0.3333333333333333, 0, 0, 0.3333333333333333, 0.3333333333333333, 0, 0.1, 0, 0, 0.1, 0.16666666666666666, 0, 0.3333333333333333, 0.16666666666666666, 0.16666666666666666, 0.16666666666666666, 0, 0, 0, 0.3333333333333333, 0, 0, 0.3333333333333333, 0.3333333333333333, 0, 0, 0, 0, 0, 0, 0, 0, 0, 0, 0, 0, 0, 0, 0, 0, 0, 0, 0.16666666666666666, 0.3333333333333333, 0.3333333333333333, 0, 0, 0, 0, 0, 0, 0, 0.3333333333333333, 0, 0.3333333333333333, 0.16666666666666666, 0.3333333333333333, 0, 0, 0.16666666666666666, 0.3333333333333333, 0, 0.16666666666666666, 0, 0.3333333333333333, 0, 0.16666666666666666, 0.3333333333333333, 0, 0, 0, 0, 0, 0, 0, 0, 0, 0, 0, 0, 0.16666666666666666, 0, 0, 0.3333333333333333, 0, 0.3, 0.3333333333333333, 0.16666666666666666, 0.16666666666666666, 0.3333333333333333, 0.16666666666666666, 0, 0.3333333333333333, 0, 0, 0, 0, 0.2, 0.5, 0, 0.3333333333333333, 0.3333333333333333, 0.3333333333333333, 0.3, 0.031578947368421054, 0.3333333333333333, 0.3333333333333333, 0.2, 0.5, 0.2, 0.3333333333333333, 0.3333333333333333, 0.3333333333333333, 0.2, 0, 0, 0.3333333333333333, 0.3333333333333333, 0.16666666666666666, 0.3333333333333333, 0, 0.3333333333333333, 0, 0, 0.3333333333333333, 0.3333333333333333, 0.3333333333333333, 0, 0, 0, 0.3333333333333333, 0, 0.3333333333333333, 0.3333333333333333, 0.3333333333333333, 0, 0, 0, 0.3333333333333333, 0.3333333333333333, 0.16666666666666666, 0.3333333333333333, 0.047619047619047616, 0.5, 0.16666666666666666, 0.16666666666666666, 0.3333333333333333, 0.6666666666666666, 1.0, 0.3333333333333333, 0, 0, 0.3333333333333333, 0, 0.1, 0.6666666666666666, 0, 0, 0.2, 0.16666666666666666, 0, 0.6666666666666666, 0.1, 0.3333333333333333, 0.3333333333333333, 0, 0, 0.3333333333333333, 0.16666666666666666, 0.3333333333333333, 0, 0.2, 0.3333333333333333, 0.1, 0, 0, 0.6666666666666666, 0.6666666666666666, 0, 0.16666666666666666, 0.1, 0.13333333333333333, 0.3, 0, 0, 0, 0.3333333333333333, 0, 0, 0.16666666666666666, 0, 0.16666666666666666, 0.3333333333333333, 0, 0.1, 0.16666666666666666, 0.3333333333333333, 0.3333333333333333, 0.3333333333333333, 0.3333333333333333, 0, 0, 0, 0.3333333333333333, 0.16666666666666666, 0.1, 0.3333333333333333, 0.3, 0.3333333333333333, 0.3333333333333333, 0, 0, 0.16666666666666666, 0, 0.3333333333333333, 0.16666666666666666, 0, 0.16666666666666666, 0.3333333333333333, 0.3333333333333333, 0, 0, 0, 0, 0.3333333333333333, 0.16666666666666666, 0, 0, 0, 0, 0.3333333333333333, 0.16666666666666666, 0.3333333333333333, 0.3333333333333333, 0, 0, 0, 0, 0, 0, 0, 0, 0, 0, 0.16666666666666666, 0.3333333333333333, 0, 0, 0, 0, 0, 0.3333333333333333, 0.16666666666666666, 0.6666666666666666, 0.26666666666666666, 0.2, 0, 0, 0, 0, 0.3333333333333333, 0, 0.3333333333333333, 0.3333333333333333, 0, 0, 0.16666666666666666, 0, 0, 0, 0, 0.3333333333333333, 0.3333333333333333, 0, 0, 0, 0, 0, 0, 0, 0, 0.3333333333333333, 0.3333333333333333, 0, 0, 0, 0, 0, 0.3333333333333333, 0.1, 0.6666666666666666, 0.3333333333333333, 0.16666666666666666, 0.3333333333333333, 0.3333333333333333, 0, 0.3333333333333333, 0, 0.3333333333333333, 0, 0.3333333333333333, 0.3333333333333333, 0.6666666666666666, 0.3333333333333333, 0.3333333333333333, 0.16666666666666666, 0, 0.3333333333333333, 0.3333333333333333, 0.3333333333333333, 0.3333333333333333, 0, 0.3333333333333333, 0.6666666666666666, 0, 0.3333333333333333, 0, 0.16666666666666666, 0.3333333333333333, 0, 0.3333333333333333, 0, 0, 0, 0.3333333333333333, 0, 0.16666666666666666, 0.3333333333333333, 0, 0, 0, 0, 0, 0.16666666666666666, 0.3333333333333333, 0, 0, 0, 0, 0, 0, 0, 0, 0.3333333333333333, 0.3333333333333333, 0, 0, 0, 0, 0, 0, 0, 0, 0, 0.3333333333333333, 0.16666666666666666, 0.3333333333333333, 0, 0.16666666666666666, 0, 0, 0.3333333333333333, 0.16666666666666666, 0, 0.3333333333333333, 0, 0, 0.5, 0.5, 0.6666666666666666, 0.4, 0.3333333333333333, 0.3333333333333333, 0.5, 0.3333333333333333, 0.6666666666666666, 0.3333333333333333, 0, 0.3333333333333333, 0.3333333333333333, 0.3333333333333333, 0, 0, 0, 0, 0.3333333333333333, 0.2, 0.3333333333333333, 0.3333333333333333, 0.3, 0.3333333333333333, 0.3333333333333333, 0.6666666666666666, 0, 0, 0, 0, 0, 0, 0, 0.3333333333333333, 0, 0, 0.3333333333333333, 0.2, 0.23809523809523808, 0.3333333333333333, 0.3333333333333333, 0.6666666666666666, 0.5, 0.3, 0.16666666666666666, 0, 0.3333333333333333, 0, 0.3333333333333333, 0.16666666666666666, 0.3333333333333333, 0.3333333333333333, 0.2, 0, 0, 0, 0.3333333333333333, 0, 0, 0.16666666666666666, 0.3333333333333333, 0, 0, 0, 0, 0, 0, 0, 0, 0, 0, 0, 0, 0.3333333333333333, 0, 0, 0.3333333333333333, 0, 0.16666666666666666, 0.3333333333333333, 0.3333333333333333, 0, 0.3333333333333333, 0.3333333333333333, 0, 0, 0, 0, 0, 0, 0.3333333333333333, 0.3333333333333333, 0.3333333333333333, 0, 0, 0, 0, 0.3333333333333333, 0, 0.3333333333333333, 0.16666666666666666, 0.3333333333333333, 0.3333333333333333, 0.3333333333333333, 0, 0, 0.16666666666666666, 0.16666666666666666, 0, 0, 0, 0, 0, 0, 0.3333333333333333, 0, 0, 0, 0.3333333333333333, 0.3333333333333333, 0, 0, 0, 0, 0.3333333333333333, 0, 0.3333333333333333, 0.3333333333333333, 0, 0, 0, 0, 0, 0, 0, 0, 0, 0.16666666666666666, 0, 0.3333333333333333, 0.16666666666666666, 0, 0, 0, 0, 0, 0, 0.3333333333333333, 0, 0, 0.6666666666666666, 0.6666666666666666, 0.3333333333333333, 0, 0, 0, 0, 0, 0, 0, 0.3333333333333333, 0.3333333333333333, 0.3333333333333333, 0, 0, 0, 0, 0, 0, 0, 0, 0, 0, 0, 0, 0.16666666666666666, 0, 0, 0, 0, 0, 0, 0.3333333333333333, 0.3333333333333333, 0.5, 0.6666666666666666, 0.3333333333333333, 0.3333333333333333, 0, 0, 0, 0, 0, 0.3333333333333333, 0, 0, 0, 0, 0, 0, 0, 0, 0, 0, 0, 0, 0, 0, 0, 0, 0, 0, 0, 0, 0, 0.3333333333333333, 0.3333333333333333, 0.3333333333333333, 0, 0.3333333333333333, 0.16666666666666666, 0.16666666666666666, 0, 0, 0, 0.3333333333333333, 0, 0, 0.3333333333333333, 0, 0, 0, 0, 0, 0, 0.3333333333333333, 0, 0, 0, 0.06666666666666667, 0, 0, 0, 0.16666666666666666, 0, 0, 0, 0, 0, 0, 0, 0, 0, 0, 0, 0.3333333333333333, 0, 0, 0, 0, 0, 0, 0.3333333333333333, 0.3333333333333333, 0.3333333333333333, 0.3333333333333333, 0.3333333333333333, 0.5, 0.3333333333333333, 0.3, 0.3333333333333333, 0]
Clustering Coefficient Average: 0.13728212504554077
Clustering Coefficient Variance: 0.029585200378084715
Connected Component Sizes: [1531]
Connected Component Size Average: 1531.0
Connected Component Size Variance: 0.0
