Graph: District of Columbia Roads ER
Number of Nodes: 9550
Number of Edges: 14790
Degree Average: 3.0973821989528796
Degree Variance: 3.1557523094213424
Diameter: 17
Radius: 0
Average Eccentricity: 12.421151832460733
Number of Connected Components: 506
Largest Connected Component: 8991
Degree Distribution: [11, 11, 11, 10, 10, 10, 10, 10, 10, 10, 10, 10, 10, 10, 10, 10, 10, 10, 9, 9, 9, 9, 9, 9, 9, 9, 9, 9, 9, 9, 9, 9, 9, 9, 9, 9, 9, 9, 9, 9, 9, 9, 9, 9, 9, 9, 9, 8, 8, 8, 8, 8, 8, 8, 8, 8, 8, 8, 8, 8, 8, 8, 8, 8, 8, 8, 8, 8, 8, 8, 8, 8, 8, 8, 8, 8, 8, 8, 8, 8, 8, 8, 8, 8, 8, 8, 8, 8, 8, 8, 8, 8, 8, 8, 8, 8, 8, 8, 8, 8, 8, 8, 8, 8, 8, 8, 8, 8, 8, 8, 8, 8, 8, 8, 8, 8, 8, 8, 8, 8, 8, 8, 8, 8, 8, 8, 8, 8, 8, 8, 8, 8, 8, 8, 8, 8, 8, 8, 8, 8, 8, 8, 8, 8, 8, 7, 7, 7, 7, 7, 7, 7, 7, 7, 7, 7, 7, 7, 7, 7, 7, 7, 7, 7, 7, 7, 7, 7, 7, 7, 7, 7, 7, 7, 7, 7, 7, 7, 7, 7, 7, 7, 7, 7, 7, 7, 7, 7, 7, 7, 7, 7, 7, 7, 7, 7, 7, 7, 7, 7, 7, 7, 7, 7, 7, 7, 7, 7, 7, 7, 7, 7, 7, 7, 7, 7, 7, 7, 7, 7, 7, 7, 7, 7, 7, 7, 7, 7, 7, 7, 7, 7, 7, 7, 7, 7, 7, 7, 7, 7, 7, 7, 7, 7, 7, 7, 7, 7, 7, 7, 7, 7, 7, 7, 7, 7, 7, 7, 7, 7, 7, 7, 7, 7, 7, 7, 7, 7, 7, 7, 7, 7, 7, 7, 7, 7, 7, 7, 7, 7, 7, 7, 7, 7, 7, 7, 7, 7, 7, 7, 7, 7, 7, 7, 7, 7, 7, 7, 7, 7, 7, 7, 7, 7, 7, 7, 7, 7, 7, 7, 7, 7, 7, 7, 7, 7, 7, 7, 7, 7, 7, 7, 7, 7, 7, 7, 7, 7, 7, 7, 7, 7, 7, 7, 7, 7, 7, 7, 7, 7, 7, 7, 7, 7, 7, 7, 7, 7, 7, 7, 7, 7, 7, 7, 7, 7, 7, 7, 7, 7, 7, 7, 7, 7, 7, 7, 7, 7, 7, 7, 7, 7, 7, 7, 7, 7, 7, 7, 7, 7, 7, 6, 6, 6, 6, 6, 6, 6, 6, 6, 6, 6, 6, 6, 6, 6, 6, 6, 6, 6, 6, 6, 6, 6, 6, 6, 6, 6, 6, 6, 6, 6, 6, 6, 6, 6, 6, 6, 6, 6, 6, 6, 6, 6, 6, 6, 6, 6, 6, 6, 6, 6, 6, 6, 6, 6, 6, 6, 6, 6, 6, 6, 6, 6, 6, 6, 6, 6, 6, 6, 6, 6, 6, 6, 6, 6, 6, 6, 6, 6, 6, 6, 6, 6, 6, 6, 6, 6, 6, 6, 6, 6, 6, 6, 6, 6, 6, 6, 6, 6, 6, 6, 6, 6, 6, 6, 6, 6, 6, 6, 6, 6, 6, 6, 6, 6, 6, 6, 6, 6, 6, 6, 6, 6, 6, 6, 6, 6, 6, 6, 6, 6, 6, 6, 6, 6, 6, 6, 6, 6, 6, 6, 6, 6, 6, 6, 6, 6, 6, 6, 6, 6, 6, 6, 6, 6, 6, 6, 6, 6, 6, 6, 6, 6, 6, 6, 6, 6, 6, 6, 6, 6, 6, 6, 6, 6, 6, 6, 6, 6, 6, 6, 6, 6, 6, 6, 6, 6, 6, 6, 6, 6, 6, 6, 6, 6, 6, 6, 6, 6, 6, 6, 6, 6, 6, 6, 6, 6, 6, 6, 6, 6, 6, 6, 6, 6, 6, 6, 6, 6, 6, 6, 6, 6, 6, 6, 6, 6, 6, 6, 6, 6, 6, 6, 6, 6, 6, 6, 6, 6, 6, 6, 6, 6, 6, 6, 6, 6, 6, 6, 6, 6, 6, 6, 6, 6, 6, 6, 6, 6, 6, 6, 6, 6, 6, 6, 6, 6, 6, 6, 6, 6, 6, 6, 6, 6, 6, 6, 6, 6, 6, 6, 6, 6, 6, 6, 6, 6, 6, 6, 6, 6, 6, 6, 6, 6, 6, 6, 6, 6, 6, 6, 6, 6, 6, 6, 6, 6, 6, 6, 6, 6, 6, 6, 6, 6, 6, 6, 6, 6, 6, 6, 6, 6, 6, 6, 6, 6, 6, 6, 6, 6, 6, 6, 6, 6, 6, 6, 6, 6, 6, 6, 6, 6, 6, 6, 6, 6, 6, 6, 6, 6, 6, 6, 6, 6, 6, 6, 6, 6, 6, 6, 6, 6, 6, 6, 6, 6, 6, 6, 6, 6, 6, 6, 6, 6, 6, 6, 6, 6, 6, 6, 6, 6, 6, 6, 6, 6, 6, 6, 6, 6, 6, 6, 6, 6, 6, 6, 6, 6, 6, 6, 6, 6, 6, 6, 6, 6, 6, 6, 6, 6, 6, 6, 6, 6, 6, 6, 6, 6, 6, 6, 6, 6, 6, 6, 6, 6, 6, 6, 6, 6, 6, 6, 6, 6, 6, 6, 6, 6, 6, 6, 6, 6, 6, 6, 6, 6, 6, 6, 6, 6, 6, 6, 6, 6, 6, 6, 6, 6, 6, 6, 6, 6, 6, 6, 6, 6, 6, 6, 6, 6, 6, 6, 6, 6, 6, 6, 6, 6, 6, 6, 6, 6, 6, 6, 6, 6, 6, 6, 6, 6, 6, 6, 6, 6, 6, 6, 6, 6, 6, 6, 6, 6, 6, 6, 6, 6, 6, 6, 6, 6, 6, 6, 6, 6, 6, 6, 6, 6, 6, 6, 6, 6, 6, 6, 6, 6, 6, 6, 6, 6, 6, 6, 6, 6, 6, 6, 6, 6, 6, 6, 6, 6, 6, 5, 5, 5, 5, 5, 5, 5, 5, 5, 5, 5, 5, 5, 5, 5, 5, 5, 5, 5, 5, 5, 5, 5, 5, 5, 5, 5, 5, 5, 5, 5, 5, 5, 5, 5, 5, 5, 5, 5, 5, 5, 5, 5, 5, 5, 5, 5, 5, 5, 5, 5, 5, 5, 5, 5, 5, 5, 5, 5, 5, 5, 5, 5, 5, 5, 5, 5, 5, 5, 5, 5, 5, 5, 5, 5, 5, 5, 5, 5, 5, 5, 5, 5, 5, 5, 5, 5, 5, 5, 5, 5, 5, 5, 5, 5, 5, 5, 5, 5, 5, 5, 5, 5, 5, 5, 5, 5, 5, 5, 5, 5, 5, 5, 5, 5, 5, 5, 5, 5, 5, 5, 5, 5, 5, 5, 5, 5, 5, 5, 5, 5, 5, 5, 5, 5, 5, 5, 5, 5, 5, 5, 5, 5, 5, 5, 5, 5, 5, 5, 5, 5, 5, 5, 5, 5, 5, 5, 5, 5, 5, 5, 5, 5, 5, 5, 5, 5, 5, 5, 5, 5, 5, 5, 5, 5, 5, 5, 5, 5, 5, 5, 5, 5, 5, 5, 5, 5, 5, 5, 5, 5, 5, 5, 5, 5, 5, 5, 5, 5, 5, 5, 5, 5, 5, 5, 5, 5, 5, 5, 5, 5, 5, 5, 5, 5, 5, 5, 5, 5, 5, 5, 5, 5, 5, 5, 5, 5, 5, 5, 5, 5, 5, 5, 5, 5, 5, 5, 5, 5, 5, 5, 5, 5, 5, 5, 5, 5, 5, 5, 5, 5, 5, 5, 5, 5, 5, 5, 5, 5, 5, 5, 5, 5, 5, 5, 5, 5, 5, 5, 5, 5, 5, 5, 5, 5, 5, 5, 5, 5, 5, 5, 5, 5, 5, 5, 5, 5, 5, 5, 5, 5, 5, 5, 5, 5, 5, 5, 5, 5, 5, 5, 5, 5, 5, 5, 5, 5, 5, 5, 5, 5, 5, 5, 5, 5, 5, 5, 5, 5, 5, 5, 5, 5, 5, 5, 5, 5, 5, 5, 5, 5, 5, 5, 5, 5, 5, 5, 5, 5, 5, 5, 5, 5, 5, 5, 5, 5, 5, 5, 5, 5, 5, 5, 5, 5, 5, 5, 5, 5, 5, 5, 5, 5, 5, 5, 5, 5, 5, 5, 5, 5, 5, 5, 5, 5, 5, 5, 5, 5, 5, 5, 5, 5, 5, 5, 5, 5, 5, 5, 5, 5, 5, 5, 5, 5, 5, 5, 5, 5, 5, 5, 5, 5, 5, 5, 5, 5, 5, 5, 5, 5, 5, 5, 5, 5, 5, 5, 5, 5, 5, 5, 5, 5, 5, 5, 5, 5, 5, 5, 5, 5, 5, 5, 5, 5, 5, 5, 5, 5, 5, 5, 5, 5, 5, 5, 5, 5, 5, 5, 5, 5, 5, 5, 5, 5, 5, 5, 5, 5, 5, 5, 5, 5, 5, 5, 5, 5, 5, 5, 5, 5, 5, 5, 5, 5, 5, 5, 5, 5, 5, 5, 5, 5, 5, 5, 5, 5, 5, 5, 5, 5, 5, 5, 5, 5, 5, 5, 5, 5, 5, 5, 5, 5, 5, 5, 5, 5, 5, 5, 5, 5, 5, 5, 5, 5, 5, 5, 5, 5, 5, 5, 5, 5, 5, 5, 5, 5, 5, 5, 5, 5, 5, 5, 5, 5, 5, 5, 5, 5, 5, 5, 5, 5, 5, 5, 5, 5, 5, 5, 5, 5, 5, 5, 5, 5, 5, 5, 5, 5, 5, 5, 5, 5, 5, 5, 5, 5, 5, 5, 5, 5, 5, 5, 5, 5, 5, 5, 5, 5, 5, 5, 5, 5, 5, 5, 5, 5, 5, 5, 5, 5, 5, 5, 5, 5, 5, 5, 5, 5, 5, 5, 5, 5, 5, 5, 5, 5, 5, 5, 5, 5, 5, 5, 5, 5, 5, 5, 5, 5, 5, 5, 5, 5, 5, 5, 5, 5, 5, 5, 5, 5, 5, 5, 5, 5, 5, 5, 5, 5, 5, 5, 5, 5, 5, 5, 5, 5, 5, 5, 5, 5, 5, 5, 5, 5, 5, 5, 5, 5, 5, 5, 5, 5, 5, 5, 5, 5, 5, 5, 5, 5, 5, 5, 5, 5, 5, 5, 5, 5, 5, 5, 5, 5, 5, 5, 5, 5, 5, 5, 5, 5, 5, 5, 5, 5, 5, 5, 5, 5, 5, 5, 5, 5, 5, 5, 5, 5, 5, 5, 5, 5, 5, 5, 5, 5, 5, 5, 5, 5, 5, 5, 5, 5, 5, 5, 5, 5, 5, 5, 5, 5, 5, 5, 5, 5, 5, 5, 5, 5, 5, 5, 5, 5, 5, 5, 5, 5, 5, 5, 5, 5, 5, 5, 5, 5, 5, 5, 5, 5, 5, 5, 5, 5, 5, 5, 5, 5, 5, 5, 5, 5, 5, 5, 5, 5, 5, 5, 5, 5, 5, 5, 5, 5, 5, 5, 5, 5, 5, 5, 5, 5, 5, 5, 5, 5, 5, 5, 5, 5, 5, 5, 5, 5, 5, 5, 5, 5, 5, 5, 5, 5, 5, 5, 5, 5, 5, 5, 5, 5, 5, 5, 5, 5, 5, 5, 5, 5, 5, 5, 5, 5, 5, 5, 5, 5, 5, 5, 5, 5, 5, 5, 5, 5, 5, 5, 5, 5, 5, 5, 5, 5, 5, 5, 5, 5, 5, 5, 5, 5, 5, 5, 5, 5, 5, 5, 5, 5, 5, 5, 5, 5, 5, 5, 5, 5, 5, 5, 5, 5, 5, 5, 5, 5, 5, 5, 5, 5, 5, 5, 5, 5, 5, 5, 5, 5, 5, 5, 5, 5, 5, 5, 5, 5, 5, 5, 5, 5, 5, 5, 5, 5, 5, 5, 5, 5, 5, 5, 5, 5, 5, 5, 5, 5, 5, 5, 5, 5, 5, 5, 5, 5, 5, 5, 5, 5, 5, 5, 5, 5, 5, 5, 5, 5, 5, 5, 5, 5, 5, 5, 5, 5, 5, 5, 5, 5, 5, 5, 5, 5, 5, 5, 5, 5, 5, 5, 5, 5, 5, 5, 5, 5, 5, 5, 5, 5, 5, 5, 5, 5, 5, 5, 5, 5, 5, 5, 5, 5, 5, 5, 5, 5, 5, 5, 4, 4, 4, 4, 4, 4, 4, 4, 4, 4, 4, 4, 4, 4, 4, 4, 4, 4, 4, 4, 4, 4, 4, 4, 4, 4, 4, 4, 4, 4, 4, 4, 4, 4, 4, 4, 4, 4, 4, 4, 4, 4, 4, 4, 4, 4, 4, 4, 4, 4, 4, 4, 4, 4, 4, 4, 4, 4, 4, 4, 4, 4, 4, 4, 4, 4, 4, 4, 4, 4, 4, 4, 4, 4, 4, 4, 4, 4, 4, 4, 4, 4, 4, 4, 4, 4, 4, 4, 4, 4, 4, 4, 4, 4, 4, 4, 4, 4, 4, 4, 4, 4, 4, 4, 4, 4, 4, 4, 4, 4, 4, 4, 4, 4, 4, 4, 4, 4, 4, 4, 4, 4, 4, 4, 4, 4, 4, 4, 4, 4, 4, 4, 4, 4, 4, 4, 4, 4, 4, 4, 4, 4, 4, 4, 4, 4, 4, 4, 4, 4, 4, 4, 4, 4, 4, 4, 4, 4, 4, 4, 4, 4, 4, 4, 4, 4, 4, 4, 4, 4, 4, 4, 4, 4, 4, 4, 4, 4, 4, 4, 4, 4, 4, 4, 4, 4, 4, 4, 4, 4, 4, 4, 4, 4, 4, 4, 4, 4, 4, 4, 4, 4, 4, 4, 4, 4, 4, 4, 4, 4, 4, 4, 4, 4, 4, 4, 4, 4, 4, 4, 4, 4, 4, 4, 4, 4, 4, 4, 4, 4, 4, 4, 4, 4, 4, 4, 4, 4, 4, 4, 4, 4, 4, 4, 4, 4, 4, 4, 4, 4, 4, 4, 4, 4, 4, 4, 4, 4, 4, 4, 4, 4, 4, 4, 4, 4, 4, 4, 4, 4, 4, 4, 4, 4, 4, 4, 4, 4, 4, 4, 4, 4, 4, 4, 4, 4, 4, 4, 4, 4, 4, 4, 4, 4, 4, 4, 4, 4, 4, 4, 4, 4, 4, 4, 4, 4, 4, 4, 4, 4, 4, 4, 4, 4, 4, 4, 4, 4, 4, 4, 4, 4, 4, 4, 4, 4, 4, 4, 4, 4, 4, 4, 4, 4, 4, 4, 4, 4, 4, 4, 4, 4, 4, 4, 4, 4, 4, 4, 4, 4, 4, 4, 4, 4, 4, 4, 4, 4, 4, 4, 4, 4, 4, 4, 4, 4, 4, 4, 4, 4, 4, 4, 4, 4, 4, 4, 4, 4, 4, 4, 4, 4, 4, 4, 4, 4, 4, 4, 4, 4, 4, 4, 4, 4, 4, 4, 4, 4, 4, 4, 4, 4, 4, 4, 4, 4, 4, 4, 4, 4, 4, 4, 4, 4, 4, 4, 4, 4, 4, 4, 4, 4, 4, 4, 4, 4, 4, 4, 4, 4, 4, 4, 4, 4, 4, 4, 4, 4, 4, 4, 4, 4, 4, 4, 4, 4, 4, 4, 4, 4, 4, 4, 4, 4, 4, 4, 4, 4, 4, 4, 4, 4, 4, 4, 4, 4, 4, 4, 4, 4, 4, 4, 4, 4, 4, 4, 4, 4, 4, 4, 4, 4, 4, 4, 4, 4, 4, 4, 4, 4, 4, 4, 4, 4, 4, 4, 4, 4, 4, 4, 4, 4, 4, 4, 4, 4, 4, 4, 4, 4, 4, 4, 4, 4, 4, 4, 4, 4, 4, 4, 4, 4, 4, 4, 4, 4, 4, 4, 4, 4, 4, 4, 4, 4, 4, 4, 4, 4, 4, 4, 4, 4, 4, 4, 4, 4, 4, 4, 4, 4, 4, 4, 4, 4, 4, 4, 4, 4, 4, 4, 4, 4, 4, 4, 4, 4, 4, 4, 4, 4, 4, 4, 4, 4, 4, 4, 4, 4, 4, 4, 4, 4, 4, 4, 4, 4, 4, 4, 4, 4, 4, 4, 4, 4, 4, 4, 4, 4, 4, 4, 4, 4, 4, 4, 4, 4, 4, 4, 4, 4, 4, 4, 4, 4, 4, 4, 4, 4, 4, 4, 4, 4, 4, 4, 4, 4, 4, 4, 4, 4, 4, 4, 4, 4, 4, 4, 4, 4, 4, 4, 4, 4, 4, 4, 4, 4, 4, 4, 4, 4, 4, 4, 4, 4, 4, 4, 4, 4, 4, 4, 4, 4, 4, 4, 4, 4, 4, 4, 4, 4, 4, 4, 4, 4, 4, 4, 4, 4, 4, 4, 4, 4, 4, 4, 4, 4, 4, 4, 4, 4, 4, 4, 4, 4, 4, 4, 4, 4, 4, 4, 4, 4, 4, 4, 4, 4, 4, 4, 4, 4, 4, 4, 4, 4, 4, 4, 4, 4, 4, 4, 4, 4, 4, 4, 4, 4, 4, 4, 4, 4, 4, 4, 4, 4, 4, 4, 4, 4, 4, 4, 4, 4, 4, 4, 4, 4, 4, 4, 4, 4, 4, 4, 4, 4, 4, 4, 4, 4, 4, 4, 4, 4, 4, 4, 4, 4, 4, 4, 4, 4, 4, 4, 4, 4, 4, 4, 4, 4, 4, 4, 4, 4, 4, 4, 4, 4, 4, 4, 4, 4, 4, 4, 4, 4, 4, 4, 4, 4, 4, 4, 4, 4, 4, 4, 4, 4, 4, 4, 4, 4, 4, 4, 4, 4, 4, 4, 4, 4, 4, 4, 4, 4, 4, 4, 4, 4, 4, 4, 4, 4, 4, 4, 4, 4, 4, 4, 4, 4, 4, 4, 4, 4, 4, 4, 4, 4, 4, 4, 4, 4, 4, 4, 4, 4, 4, 4, 4, 4, 4, 4, 4, 4, 4, 4, 4, 4, 4, 4, 4, 4, 4, 4, 4, 4, 4, 4, 4, 4, 4, 4, 4, 4, 4, 4, 4, 4, 4, 4, 4, 4, 4, 4, 4, 4, 4, 4, 4, 4, 4, 4, 4, 4, 4, 4, 4, 4, 4, 4, 4, 4, 4, 4, 4, 4, 4, 4, 4, 4, 4, 4, 4, 4, 4, 4, 4, 4, 4, 4, 4, 4, 4, 4, 4, 4, 4, 4, 4, 4, 4, 4, 4, 4, 4, 4, 4, 4, 4, 4, 4, 4, 4, 4, 4, 4, 4, 4, 4, 4, 4, 4, 4, 4, 4, 4, 4, 4, 4, 4, 4, 4, 4, 4, 4, 4, 4, 4, 4, 4, 4, 4, 4, 4, 4, 4, 4, 4, 4, 4, 4, 4, 4, 4, 4, 4, 4, 4, 4, 4, 4, 4, 4, 4, 4, 4, 4, 4, 4, 4, 4, 4, 4, 4, 4, 4, 4, 4, 4, 4, 4, 4, 4, 4, 4, 4, 4, 4, 4, 4, 4, 4, 4, 4, 4, 4, 4, 4, 4, 4, 4, 4, 4, 4, 4, 4, 4, 4, 4, 4, 4, 4, 4, 4, 4, 4, 4, 4, 4, 4, 4, 4, 4, 4, 4, 4, 4, 4, 4, 4, 4, 4, 4, 4, 4, 4, 4, 4, 4, 4, 4, 4, 4, 4, 4, 4, 4, 4, 4, 4, 4, 4, 4, 4, 4, 4, 4, 4, 4, 4, 4, 4, 4, 4, 4, 4, 4, 4, 4, 4, 4, 4, 4, 4, 4, 4, 4, 4, 4, 4, 4, 4, 4, 4, 4, 4, 4, 4, 4, 4, 4, 4, 4, 4, 4, 4, 4, 4, 4, 4, 4, 4, 4, 4, 4, 4, 4, 4, 4, 4, 4, 4, 4, 4, 4, 4, 4, 4, 4, 4, 4, 4, 4, 4, 4, 4, 4, 4, 4, 4, 4, 4, 4, 4, 4, 4, 4, 4, 4, 4, 4, 4, 4, 4, 4, 4, 4, 4, 4, 4, 4, 4, 4, 4, 4, 4, 4, 4, 4, 4, 4, 4, 4, 4, 4, 4, 4, 4, 4, 4, 4, 4, 4, 4, 4, 4, 4, 4, 4, 4, 4, 4, 4, 4, 4, 4, 4, 4, 4, 4, 4, 4, 4, 4, 4, 4, 4, 4, 4, 4, 4, 4, 4, 4, 4, 4, 4, 4, 4, 4, 4, 4, 4, 4, 4, 4, 4, 4, 4, 4, 4, 4, 4, 4, 4, 4, 4, 4, 4, 4, 4, 4, 4, 4, 4, 4, 4, 4, 4, 4, 4, 4, 4, 4, 4, 4, 4, 4, 4, 4, 4, 4, 4, 4, 4, 4, 4, 4, 4, 4, 4, 4, 4, 4, 4, 4, 4, 4, 4, 4, 4, 4, 4, 4, 4, 4, 4, 4, 4, 4, 4, 4, 4, 4, 4, 4, 4, 4, 4, 4, 4, 4, 4, 4, 4, 4, 4, 4, 4, 4, 4, 4, 4, 4, 4, 4, 4, 4, 4, 4, 4, 4, 4, 4, 4, 4, 4, 4, 4, 4, 4, 4, 4, 4, 4, 4, 4, 4, 4, 4, 4, 4, 4, 4, 4, 4, 4, 4, 4, 4, 4, 4, 4, 4, 4, 4, 4, 4, 4, 4, 4, 4, 4, 4, 4, 4, 4, 4, 4, 4, 4, 4, 4, 4, 4, 4, 4, 4, 4, 4, 4, 4, 4, 4, 4, 4, 4, 4, 4, 4, 4, 4, 4, 4, 4, 4, 4, 4, 4, 4, 4, 4, 4, 4, 4, 4, 4, 4, 4, 4, 4, 4, 4, 4, 4, 4, 4, 4, 4, 4, 4, 4, 4, 4, 4, 4, 4, 4, 4, 4, 4, 4, 4, 4, 4, 4, 4, 4, 4, 4, 4, 4, 4, 4, 4, 4, 4, 4, 4, 4, 4, 4, 4, 4, 4, 4, 4, 4, 4, 4, 4, 4, 4, 4, 4, 4, 4, 4, 4, 4, 4, 4, 4, 4, 4, 4, 4, 4, 4, 4, 4, 4, 4, 4, 4, 4, 4, 4, 4, 4, 4, 4, 4, 4, 4, 4, 4, 4, 4, 4, 4, 4, 4, 4, 4, 4, 4, 4, 4, 4, 4, 4, 4, 4, 4, 4, 4, 4, 4, 4, 4, 4, 4, 4, 4, 4, 4, 4, 4, 4, 4, 4, 4, 4, 4, 4, 4, 4, 4, 4, 4, 4, 4, 4, 4, 4, 4, 4, 4, 4, 4, 4, 4, 4, 4, 4, 4, 4, 4, 4, 4, 4, 4, 4, 4, 4, 4, 4, 4, 4, 4, 4, 4, 4, 4, 4, 4, 4, 4, 4, 4, 4, 4, 4, 4, 4, 4, 4, 4, 4, 4, 4, 4, 4, 4, 4, 4, 4, 4, 4, 4, 4, 4, 4, 4, 4, 4, 4, 4, 4, 4, 4, 4, 4, 4, 4, 4, 4, 4, 4, 4, 4, 4, 4, 4, 4, 4, 4, 4, 4, 4, 4, 3, 3, 3, 3, 3, 3, 3, 3, 3, 3, 3, 3, 3, 3, 3, 3, 3, 3, 3, 3, 3, 3, 3, 3, 3, 3, 3, 3, 3, 3, 3, 3, 3, 3, 3, 3, 3, 3, 3, 3, 3, 3, 3, 3, 3, 3, 3, 3, 3, 3, 3, 3, 3, 3, 3, 3, 3, 3, 3, 3, 3, 3, 3, 3, 3, 3, 3, 3, 3, 3, 3, 3, 3, 3, 3, 3, 3, 3, 3, 3, 3, 3, 3, 3, 3, 3, 3, 3, 3, 3, 3, 3, 3, 3, 3, 3, 3, 3, 3, 3, 3, 3, 3, 3, 3, 3, 3, 3, 3, 3, 3, 3, 3, 3, 3, 3, 3, 3, 3, 3, 3, 3, 3, 3, 3, 3, 3, 3, 3, 3, 3, 3, 3, 3, 3, 3, 3, 3, 3, 3, 3, 3, 3, 3, 3, 3, 3, 3, 3, 3, 3, 3, 3, 3, 3, 3, 3, 3, 3, 3, 3, 3, 3, 3, 3, 3, 3, 3, 3, 3, 3, 3, 3, 3, 3, 3, 3, 3, 3, 3, 3, 3, 3, 3, 3, 3, 3, 3, 3, 3, 3, 3, 3, 3, 3, 3, 3, 3, 3, 3, 3, 3, 3, 3, 3, 3, 3, 3, 3, 3, 3, 3, 3, 3, 3, 3, 3, 3, 3, 3, 3, 3, 3, 3, 3, 3, 3, 3, 3, 3, 3, 3, 3, 3, 3, 3, 3, 3, 3, 3, 3, 3, 3, 3, 3, 3, 3, 3, 3, 3, 3, 3, 3, 3, 3, 3, 3, 3, 3, 3, 3, 3, 3, 3, 3, 3, 3, 3, 3, 3, 3, 3, 3, 3, 3, 3, 3, 3, 3, 3, 3, 3, 3, 3, 3, 3, 3, 3, 3, 3, 3, 3, 3, 3, 3, 3, 3, 3, 3, 3, 3, 3, 3, 3, 3, 3, 3, 3, 3, 3, 3, 3, 3, 3, 3, 3, 3, 3, 3, 3, 3, 3, 3, 3, 3, 3, 3, 3, 3, 3, 3, 3, 3, 3, 3, 3, 3, 3, 3, 3, 3, 3, 3, 3, 3, 3, 3, 3, 3, 3, 3, 3, 3, 3, 3, 3, 3, 3, 3, 3, 3, 3, 3, 3, 3, 3, 3, 3, 3, 3, 3, 3, 3, 3, 3, 3, 3, 3, 3, 3, 3, 3, 3, 3, 3, 3, 3, 3, 3, 3, 3, 3, 3, 3, 3, 3, 3, 3, 3, 3, 3, 3, 3, 3, 3, 3, 3, 3, 3, 3, 3, 3, 3, 3, 3, 3, 3, 3, 3, 3, 3, 3, 3, 3, 3, 3, 3, 3, 3, 3, 3, 3, 3, 3, 3, 3, 3, 3, 3, 3, 3, 3, 3, 3, 3, 3, 3, 3, 3, 3, 3, 3, 3, 3, 3, 3, 3, 3, 3, 3, 3, 3, 3, 3, 3, 3, 3, 3, 3, 3, 3, 3, 3, 3, 3, 3, 3, 3, 3, 3, 3, 3, 3, 3, 3, 3, 3, 3, 3, 3, 3, 3, 3, 3, 3, 3, 3, 3, 3, 3, 3, 3, 3, 3, 3, 3, 3, 3, 3, 3, 3, 3, 3, 3, 3, 3, 3, 3, 3, 3, 3, 3, 3, 3, 3, 3, 3, 3, 3, 3, 3, 3, 3, 3, 3, 3, 3, 3, 3, 3, 3, 3, 3, 3, 3, 3, 3, 3, 3, 3, 3, 3, 3, 3, 3, 3, 3, 3, 3, 3, 3, 3, 3, 3, 3, 3, 3, 3, 3, 3, 3, 3, 3, 3, 3, 3, 3, 3, 3, 3, 3, 3, 3, 3, 3, 3, 3, 3, 3, 3, 3, 3, 3, 3, 3, 3, 3, 3, 3, 3, 3, 3, 3, 3, 3, 3, 3, 3, 3, 3, 3, 3, 3, 3, 3, 3, 3, 3, 3, 3, 3, 3, 3, 3, 3, 3, 3, 3, 3, 3, 3, 3, 3, 3, 3, 3, 3, 3, 3, 3, 3, 3, 3, 3, 3, 3, 3, 3, 3, 3, 3, 3, 3, 3, 3, 3, 3, 3, 3, 3, 3, 3, 3, 3, 3, 3, 3, 3, 3, 3, 3, 3, 3, 3, 3, 3, 3, 3, 3, 3, 3, 3, 3, 3, 3, 3, 3, 3, 3, 3, 3, 3, 3, 3, 3, 3, 3, 3, 3, 3, 3, 3, 3, 3, 3, 3, 3, 3, 3, 3, 3, 3, 3, 3, 3, 3, 3, 3, 3, 3, 3, 3, 3, 3, 3, 3, 3, 3, 3, 3, 3, 3, 3, 3, 3, 3, 3, 3, 3, 3, 3, 3, 3, 3, 3, 3, 3, 3, 3, 3, 3, 3, 3, 3, 3, 3, 3, 3, 3, 3, 3, 3, 3, 3, 3, 3, 3, 3, 3, 3, 3, 3, 3, 3, 3, 3, 3, 3, 3, 3, 3, 3, 3, 3, 3, 3, 3, 3, 3, 3, 3, 3, 3, 3, 3, 3, 3, 3, 3, 3, 3, 3, 3, 3, 3, 3, 3, 3, 3, 3, 3, 3, 3, 3, 3, 3, 3, 3, 3, 3, 3, 3, 3, 3, 3, 3, 3, 3, 3, 3, 3, 3, 3, 3, 3, 3, 3, 3, 3, 3, 3, 3, 3, 3, 3, 3, 3, 3, 3, 3, 3, 3, 3, 3, 3, 3, 3, 3, 3, 3, 3, 3, 3, 3, 3, 3, 3, 3, 3, 3, 3, 3, 3, 3, 3, 3, 3, 3, 3, 3, 3, 3, 3, 3, 3, 3, 3, 3, 3, 3, 3, 3, 3, 3, 3, 3, 3, 3, 3, 3, 3, 3, 3, 3, 3, 3, 3, 3, 3, 3, 3, 3, 3, 3, 3, 3, 3, 3, 3, 3, 3, 3, 3, 3, 3, 3, 3, 3, 3, 3, 3, 3, 3, 3, 3, 3, 3, 3, 3, 3, 3, 3, 3, 3, 3, 3, 3, 3, 3, 3, 3, 3, 3, 3, 3, 3, 3, 3, 3, 3, 3, 3, 3, 3, 3, 3, 3, 3, 3, 3, 3, 3, 3, 3, 3, 3, 3, 3, 3, 3, 3, 3, 3, 3, 3, 3, 3, 3, 3, 3, 3, 3, 3, 3, 3, 3, 3, 3, 3, 3, 3, 3, 3, 3, 3, 3, 3, 3, 3, 3, 3, 3, 3, 3, 3, 3, 3, 3, 3, 3, 3, 3, 3, 3, 3, 3, 3, 3, 3, 3, 3, 3, 3, 3, 3, 3, 3, 3, 3, 3, 3, 3, 3, 3, 3, 3, 3, 3, 3, 3, 3, 3, 3, 3, 3, 3, 3, 3, 3, 3, 3, 3, 3, 3, 3, 3, 3, 3, 3, 3, 3, 3, 3, 3, 3, 3, 3, 3, 3, 3, 3, 3, 3, 3, 3, 3, 3, 3, 3, 3, 3, 3, 3, 3, 3, 3, 3, 3, 3, 3, 3, 3, 3, 3, 3, 3, 3, 3, 3, 3, 3, 3, 3, 3, 3, 3, 3, 3, 3, 3, 3, 3, 3, 3, 3, 3, 3, 3, 3, 3, 3, 3, 3, 3, 3, 3, 3, 3, 3, 3, 3, 3, 3, 3, 3, 3, 3, 3, 3, 3, 3, 3, 3, 3, 3, 3, 3, 3, 3, 3, 3, 3, 3, 3, 3, 3, 3, 3, 3, 3, 3, 3, 3, 3, 3, 3, 3, 3, 3, 3, 3, 3, 3, 3, 3, 3, 3, 3, 3, 3, 3, 3, 3, 3, 3, 3, 3, 3, 3, 3, 3, 3, 3, 3, 3, 3, 3, 3, 3, 3, 3, 3, 3, 3, 3, 3, 3, 3, 3, 3, 3, 3, 3, 3, 3, 3, 3, 3, 3, 3, 3, 3, 3, 3, 3, 3, 3, 3, 3, 3, 3, 3, 3, 3, 3, 3, 3, 3, 3, 3, 3, 3, 3, 3, 3, 3, 3, 3, 3, 3, 3, 3, 3, 3, 3, 3, 3, 3, 3, 3, 3, 3, 3, 3, 3, 3, 3, 3, 3, 3, 3, 3, 3, 3, 3, 3, 3, 3, 3, 3, 3, 3, 3, 3, 3, 3, 3, 3, 3, 3, 3, 3, 3, 3, 3, 3, 3, 3, 3, 3, 3, 3, 3, 3, 3, 3, 3, 3, 3, 3, 3, 3, 3, 3, 3, 3, 3, 3, 3, 3, 3, 3, 3, 3, 3, 3, 3, 3, 3, 3, 3, 3, 3, 3, 3, 3, 3, 3, 3, 3, 3, 3, 3, 3, 3, 3, 3, 3, 3, 3, 3, 3, 3, 3, 3, 3, 3, 3, 3, 3, 3, 3, 3, 3, 3, 3, 3, 3, 3, 3, 3, 3, 3, 3, 3, 3, 3, 3, 3, 3, 3, 3, 3, 3, 3, 3, 3, 3, 3, 3, 3, 3, 3, 3, 3, 3, 3, 3, 3, 3, 3, 3, 3, 3, 3, 3, 3, 3, 3, 3, 3, 3, 3, 3, 3, 3, 3, 3, 3, 3, 3, 3, 3, 3, 3, 3, 3, 3, 3, 3, 3, 3, 3, 3, 3, 3, 3, 3, 3, 3, 3, 3, 3, 3, 3, 3, 3, 3, 3, 3, 3, 3, 3, 3, 3, 3, 3, 3, 3, 3, 3, 3, 3, 3, 3, 3, 3, 3, 3, 3, 3, 3, 3, 3, 3, 3, 3, 3, 3, 3, 3, 3, 3, 3, 3, 3, 3, 3, 3, 3, 3, 3, 3, 3, 3, 3, 3, 3, 3, 3, 3, 3, 3, 3, 3, 3, 3, 3, 3, 3, 3, 3, 3, 3, 3, 3, 3, 3, 3, 3, 3, 3, 3, 3, 3, 3, 3, 3, 3, 3, 3, 3, 3, 3, 3, 3, 3, 3, 3, 3, 3, 3, 3, 3, 3, 3, 3, 3, 3, 3, 3, 3, 3, 3, 3, 3, 3, 3, 3, 3, 3, 3, 3, 3, 3, 3, 3, 3, 3, 3, 3, 3, 3, 3, 3, 3, 3, 3, 3, 3, 3, 3, 3, 3, 3, 3, 3, 3, 3, 3, 3, 3, 3, 3, 3, 3, 3, 3, 3, 3, 3, 3, 3, 3, 3, 3, 3, 3, 3, 3, 3, 3, 3, 3, 3, 3, 3, 3, 3, 3, 3, 3, 3, 3, 3, 3, 3, 3, 3, 3, 3, 3, 3, 3, 3, 3, 3, 3, 3, 3, 3, 3, 3, 3, 3, 3, 3, 3, 3, 3, 3, 3, 3, 3, 3, 3, 3, 3, 3, 3, 3, 3, 3, 3, 3, 3, 3, 3, 3, 3, 3, 3, 3, 3, 3, 3, 3, 3, 3, 3, 3, 3, 3, 3, 3, 3, 3, 3, 3, 3, 3, 3, 3, 3, 3, 3, 3, 3, 3, 3, 3, 3, 3, 3, 3, 3, 3, 3, 3, 3, 3, 3, 3, 3, 3, 3, 3, 3, 3, 3, 3, 3, 3, 3, 3, 3, 3, 3, 3, 3, 3, 3, 3, 3, 3, 3, 3, 3, 3, 3, 3, 3, 3, 3, 3, 3, 3, 3, 3, 3, 3, 3, 3, 3, 3, 3, 3, 3, 3, 3, 3, 3, 3, 3, 3, 3, 3, 3, 3, 3, 3, 3, 3, 3, 3, 3, 3, 3, 3, 3, 3, 3, 3, 3, 3, 3, 3, 3, 3, 3, 3, 3, 3, 3, 3, 3, 3, 3, 3, 3, 3, 3, 3, 3, 3, 3, 3, 3, 3, 3, 3, 3, 3, 3, 3, 3, 3, 3, 3, 3, 3, 3, 3, 3, 3, 3, 3, 3, 3, 3, 3, 3, 3, 3, 3, 3, 3, 3, 3, 3, 3, 3, 3, 3, 3, 3, 3, 3, 3, 3, 3, 3, 3, 3, 3, 3, 3, 3, 3, 3, 3, 3, 3, 3, 3, 3, 3, 3, 3, 3, 3, 3, 3, 3, 3, 3, 3, 3, 3, 3, 3, 3, 3, 3, 3, 3, 3, 3, 3, 3, 3, 3, 3, 3, 3, 3, 3, 3, 3, 3, 3, 3, 3, 3, 3, 3, 3, 3, 3, 3, 3, 3, 3, 3, 3, 3, 3, 3, 3, 3, 3, 3, 3, 3, 3, 3, 3, 3, 3, 3, 3, 3, 3, 3, 3, 3, 3, 3, 3, 3, 3, 3, 3, 3, 3, 3, 3, 3, 3, 3, 3, 3, 3, 3, 3, 3, 3, 3, 3, 3, 3, 3, 3, 3, 3, 3, 3, 3, 3, 3, 3, 3, 3, 3, 3, 3, 3, 3, 3, 3, 3, 3, 3, 3, 3, 3, 3, 3, 3, 3, 3, 3, 3, 3, 3, 3, 3, 3, 3, 3, 3, 3, 3, 3, 3, 3, 3, 3, 3, 3, 3, 3, 3, 3, 3, 3, 3, 3, 3, 3, 3, 3, 3, 3, 3, 3, 3, 3, 3, 3, 3, 3, 3, 3, 3, 3, 3, 3, 3, 3, 3, 3, 3, 3, 3, 3, 3, 3, 3, 3, 3, 3, 3, 3, 3, 3, 3, 3, 3, 3, 3, 3, 3, 3, 3, 3, 3, 3, 3, 3, 3, 3, 3, 3, 3, 3, 3, 3, 3, 3, 3, 3, 3, 3, 3, 3, 3, 3, 3, 3, 3, 3, 3, 3, 3, 3, 3, 3, 3, 3, 3, 3, 3, 3, 3, 3, 3, 3, 3, 3, 3, 3, 3, 3, 3, 3, 3, 3, 3, 3, 3, 3, 3, 3, 3, 2, 2, 2, 2, 2, 2, 2, 2, 2, 2, 2, 2, 2, 2, 2, 2, 2, 2, 2, 2, 2, 2, 2, 2, 2, 2, 2, 2, 2, 2, 2, 2, 2, 2, 2, 2, 2, 2, 2, 2, 2, 2, 2, 2, 2, 2, 2, 2, 2, 2, 2, 2, 2, 2, 2, 2, 2, 2, 2, 2, 2, 2, 2, 2, 2, 2, 2, 2, 2, 2, 2, 2, 2, 2, 2, 2, 2, 2, 2, 2, 2, 2, 2, 2, 2, 2, 2, 2, 2, 2, 2, 2, 2, 2, 2, 2, 2, 2, 2, 2, 2, 2, 2, 2, 2, 2, 2, 2, 2, 2, 2, 2, 2, 2, 2, 2, 2, 2, 2, 2, 2, 2, 2, 2, 2, 2, 2, 2, 2, 2, 2, 2, 2, 2, 2, 2, 2, 2, 2, 2, 2, 2, 2, 2, 2, 2, 2, 2, 2, 2, 2, 2, 2, 2, 2, 2, 2, 2, 2, 2, 2, 2, 2, 2, 2, 2, 2, 2, 2, 2, 2, 2, 2, 2, 2, 2, 2, 2, 2, 2, 2, 2, 2, 2, 2, 2, 2, 2, 2, 2, 2, 2, 2, 2, 2, 2, 2, 2, 2, 2, 2, 2, 2, 2, 2, 2, 2, 2, 2, 2, 2, 2, 2, 2, 2, 2, 2, 2, 2, 2, 2, 2, 2, 2, 2, 2, 2, 2, 2, 2, 2, 2, 2, 2, 2, 2, 2, 2, 2, 2, 2, 2, 2, 2, 2, 2, 2, 2, 2, 2, 2, 2, 2, 2, 2, 2, 2, 2, 2, 2, 2, 2, 2, 2, 2, 2, 2, 2, 2, 2, 2, 2, 2, 2, 2, 2, 2, 2, 2, 2, 2, 2, 2, 2, 2, 2, 2, 2, 2, 2, 2, 2, 2, 2, 2, 2, 2, 2, 2, 2, 2, 2, 2, 2, 2, 2, 2, 2, 2, 2, 2, 2, 2, 2, 2, 2, 2, 2, 2, 2, 2, 2, 2, 2, 2, 2, 2, 2, 2, 2, 2, 2, 2, 2, 2, 2, 2, 2, 2, 2, 2, 2, 2, 2, 2, 2, 2, 2, 2, 2, 2, 2, 2, 2, 2, 2, 2, 2, 2, 2, 2, 2, 2, 2, 2, 2, 2, 2, 2, 2, 2, 2, 2, 2, 2, 2, 2, 2, 2, 2, 2, 2, 2, 2, 2, 2, 2, 2, 2, 2, 2, 2, 2, 2, 2, 2, 2, 2, 2, 2, 2, 2, 2, 2, 2, 2, 2, 2, 2, 2, 2, 2, 2, 2, 2, 2, 2, 2, 2, 2, 2, 2, 2, 2, 2, 2, 2, 2, 2, 2, 2, 2, 2, 2, 2, 2, 2, 2, 2, 2, 2, 2, 2, 2, 2, 2, 2, 2, 2, 2, 2, 2, 2, 2, 2, 2, 2, 2, 2, 2, 2, 2, 2, 2, 2, 2, 2, 2, 2, 2, 2, 2, 2, 2, 2, 2, 2, 2, 2, 2, 2, 2, 2, 2, 2, 2, 2, 2, 2, 2, 2, 2, 2, 2, 2, 2, 2, 2, 2, 2, 2, 2, 2, 2, 2, 2, 2, 2, 2, 2, 2, 2, 2, 2, 2, 2, 2, 2, 2, 2, 2, 2, 2, 2, 2, 2, 2, 2, 2, 2, 2, 2, 2, 2, 2, 2, 2, 2, 2, 2, 2, 2, 2, 2, 2, 2, 2, 2, 2, 2, 2, 2, 2, 2, 2, 2, 2, 2, 2, 2, 2, 2, 2, 2, 2, 2, 2, 2, 2, 2, 2, 2, 2, 2, 2, 2, 2, 2, 2, 2, 2, 2, 2, 2, 2, 2, 2, 2, 2, 2, 2, 2, 2, 2, 2, 2, 2, 2, 2, 2, 2, 2, 2, 2, 2, 2, 2, 2, 2, 2, 2, 2, 2, 2, 2, 2, 2, 2, 2, 2, 2, 2, 2, 2, 2, 2, 2, 2, 2, 2, 2, 2, 2, 2, 2, 2, 2, 2, 2, 2, 2, 2, 2, 2, 2, 2, 2, 2, 2, 2, 2, 2, 2, 2, 2, 2, 2, 2, 2, 2, 2, 2, 2, 2, 2, 2, 2, 2, 2, 2, 2, 2, 2, 2, 2, 2, 2, 2, 2, 2, 2, 2, 2, 2, 2, 2, 2, 2, 2, 2, 2, 2, 2, 2, 2, 2, 2, 2, 2, 2, 2, 2, 2, 2, 2, 2, 2, 2, 2, 2, 2, 2, 2, 2, 2, 2, 2, 2, 2, 2, 2, 2, 2, 2, 2, 2, 2, 2, 2, 2, 2, 2, 2, 2, 2, 2, 2, 2, 2, 2, 2, 2, 2, 2, 2, 2, 2, 2, 2, 2, 2, 2, 2, 2, 2, 2, 2, 2, 2, 2, 2, 2, 2, 2, 2, 2, 2, 2, 2, 2, 2, 2, 2, 2, 2, 2, 2, 2, 2, 2, 2, 2, 2, 2, 2, 2, 2, 2, 2, 2, 2, 2, 2, 2, 2, 2, 2, 2, 2, 2, 2, 2, 2, 2, 2, 2, 2, 2, 2, 2, 2, 2, 2, 2, 2, 2, 2, 2, 2, 2, 2, 2, 2, 2, 2, 2, 2, 2, 2, 2, 2, 2, 2, 2, 2, 2, 2, 2, 2, 2, 2, 2, 2, 2, 2, 2, 2, 2, 2, 2, 2, 2, 2, 2, 2, 2, 2, 2, 2, 2, 2, 2, 2, 2, 2, 2, 2, 2, 2, 2, 2, 2, 2, 2, 2, 2, 2, 2, 2, 2, 2, 2, 2, 2, 2, 2, 2, 2, 2, 2, 2, 2, 2, 2, 2, 2, 2, 2, 2, 2, 2, 2, 2, 2, 2, 2, 2, 2, 2, 2, 2, 2, 2, 2, 2, 2, 2, 2, 2, 2, 2, 2, 2, 2, 2, 2, 2, 2, 2, 2, 2, 2, 2, 2, 2, 2, 2, 2, 2, 2, 2, 2, 2, 2, 2, 2, 2, 2, 2, 2, 2, 2, 2, 2, 2, 2, 2, 2, 2, 2, 2, 2, 2, 2, 2, 2, 2, 2, 2, 2, 2, 2, 2, 2, 2, 2, 2, 2, 2, 2, 2, 2, 2, 2, 2, 2, 2, 2, 2, 2, 2, 2, 2, 2, 2, 2, 2, 2, 2, 2, 2, 2, 2, 2, 2, 2, 2, 2, 2, 2, 2, 2, 2, 2, 2, 2, 2, 2, 2, 2, 2, 2, 2, 2, 2, 2, 2, 2, 2, 2, 2, 2, 2, 2, 2, 2, 2, 2, 2, 2, 2, 2, 2, 2, 2, 2, 2, 2, 2, 2, 2, 2, 2, 2, 2, 2, 2, 2, 2, 2, 2, 2, 2, 2, 2, 2, 2, 2, 2, 2, 2, 2, 2, 2, 2, 2, 2, 2, 2, 2, 2, 2, 2, 2, 2, 2, 2, 2, 2, 2, 2, 2, 2, 2, 2, 2, 2, 2, 2, 2, 2, 2, 2, 2, 2, 2, 2, 2, 2, 2, 2, 2, 2, 2, 2, 2, 2, 2, 2, 2, 2, 2, 2, 2, 2, 2, 2, 2, 2, 2, 2, 2, 2, 2, 2, 2, 2, 2, 2, 2, 2, 2, 2, 2, 2, 2, 2, 2, 2, 2, 2, 2, 2, 2, 2, 2, 2, 2, 2, 2, 2, 2, 2, 2, 2, 2, 2, 2, 2, 2, 2, 2, 2, 2, 2, 2, 2, 2, 2, 2, 2, 2, 2, 2, 2, 2, 2, 2, 2, 2, 2, 2, 2, 2, 2, 2, 2, 2, 2, 2, 2, 2, 2, 2, 2, 2, 2, 2, 2, 2, 2, 2, 2, 2, 2, 2, 2, 2, 2, 2, 2, 2, 2, 2, 2, 2, 2, 2, 2, 2, 2, 2, 2, 2, 2, 2, 2, 2, 2, 2, 2, 2, 2, 2, 2, 2, 2, 2, 2, 2, 2, 2, 2, 2, 2, 2, 2, 2, 2, 2, 2, 2, 2, 2, 2, 2, 2, 2, 2, 2, 2, 2, 2, 2, 2, 2, 2, 2, 2, 2, 2, 2, 2, 2, 2, 2, 2, 2, 2, 2, 2, 2, 2, 2, 2, 2, 2, 2, 2, 2, 2, 2, 2, 2, 2, 2, 2, 2, 2, 2, 2, 2, 2, 2, 2, 2, 2, 2, 2, 2, 2, 2, 2, 2, 2, 2, 2, 2, 2, 2, 2, 2, 2, 2, 2, 2, 2, 2, 2, 2, 2, 2, 2, 2, 2, 2, 2, 2, 2, 2, 2, 2, 2, 2, 2, 2, 2, 2, 2, 2, 2, 2, 2, 2, 2, 2, 2, 2, 2, 2, 2, 2, 2, 2, 2, 2, 2, 2, 2, 2, 2, 2, 2, 2, 2, 2, 2, 2, 2, 2, 2, 2, 2, 2, 2, 2, 2, 2, 2, 2, 2, 2, 2, 2, 2, 2, 2, 2, 2, 2, 2, 2, 2, 2, 2, 2, 2, 2, 2, 2, 2, 2, 2, 2, 2, 2, 2, 2, 2, 2, 2, 2, 2, 2, 2, 2, 2, 2, 2, 2, 2, 2, 2, 2, 2, 2, 2, 2, 2, 2, 2, 2, 2, 2, 2, 2, 2, 2, 2, 2, 2, 2, 2, 2, 2, 2, 2, 2, 2, 2, 2, 2, 2, 2, 2, 2, 2, 2, 2, 2, 2, 2, 2, 2, 2, 2, 2, 2, 2, 2, 2, 2, 2, 2, 2, 2, 2, 2, 2, 2, 2, 2, 2, 2, 2, 2, 2, 2, 2, 2, 2, 2, 2, 2, 2, 2, 2, 2, 2, 2, 2, 2, 2, 2, 2, 2, 2, 2, 2, 2, 2, 2, 2, 2, 2, 2, 2, 2, 2, 2, 2, 2, 2, 2, 2, 2, 2, 2, 2, 2, 2, 2, 2, 2, 2, 2, 2, 2, 2, 2, 2, 2, 2, 2, 2, 2, 2, 2, 2, 2, 2, 2, 2, 2, 2, 2, 2, 2, 2, 2, 2, 2, 2, 2, 2, 2, 2, 2, 2, 2, 2, 2, 2, 2, 2, 2, 2, 2, 2, 2, 2, 2, 2, 2, 2, 2, 2, 2, 2, 2, 2, 2, 2, 2, 2, 2, 2, 2, 2, 2, 2, 2, 2, 2, 2, 2, 2, 2, 2, 2, 2, 2, 2, 2, 2, 2, 2, 2, 2, 2, 2, 2, 2, 2, 2, 2, 2, 2, 2, 2, 2, 2, 2, 2, 2, 2, 2, 2, 2, 2, 2, 2, 2, 2, 2, 2, 2, 2, 2, 2, 2, 2, 2, 2, 2, 2, 2, 2, 2, 2, 2, 2, 2, 2, 2, 2, 2, 2, 2, 2, 2, 2, 2, 2, 2, 2, 2, 2, 2, 2, 2, 2, 2, 2, 2, 2, 2, 2, 2, 2, 2, 2, 2, 2, 2, 2, 2, 2, 2, 2, 2, 2, 2, 2, 2, 2, 2, 2, 2, 2, 2, 2, 2, 2, 2, 2, 2, 2, 2, 2, 2, 2, 2, 2, 2, 2, 2, 2, 2, 2, 2, 2, 2, 2, 2, 2, 2, 2, 2, 2, 2, 2, 2, 2, 2, 2, 2, 2, 2, 2, 2, 2, 2, 2, 2, 2, 2, 2, 2, 2, 2, 2, 2, 2, 2, 2, 2, 2, 2, 2, 2, 2, 2, 2, 2, 2, 2, 2, 2, 2, 2, 2, 2, 2, 2, 2, 2, 2, 2, 2, 2, 2, 2, 2, 2, 2, 2, 2, 2, 2, 2, 2, 2, 2, 2, 2, 2, 2, 2, 2, 2, 2, 2, 2, 2, 2, 2, 2, 2, 2, 2, 2, 2, 2, 2, 2, 2, 2, 2, 2, 2, 2, 2, 2, 2, 2, 2, 2, 2, 2, 2, 2, 2, 2, 2, 2, 2, 2, 2, 2, 2, 2, 2, 2, 2, 2, 2, 2, 2, 2, 2, 2, 2, 2, 2, 2, 2, 2, 2, 2, 2, 2, 2, 2, 2, 2, 2, 2, 2, 2, 2, 2, 2, 2, 2, 2, 2, 2, 2, 2, 2, 2, 2, 2, 2, 2, 2, 2, 2, 2, 2, 2, 2, 2, 2, 2, 2, 2, 2, 2, 2, 2, 2, 2, 2, 2, 2, 2, 2, 2, 2, 2, 2, 2, 2, 2, 2, 2, 2, 2, 2, 2, 2, 2, 2, 2, 2, 2, 2, 2, 2, 2, 2, 2, 2, 2, 2, 2, 2, 2, 2, 2, 2, 2, 2, 2, 2, 2, 2, 2, 2, 2, 2, 2, 2, 2, 2, 2, 2, 2, 2, 2, 2, 2, 2, 2, 2, 2, 2, 2, 2, 2, 2, 2, 2, 2, 2, 2, 2, 2, 2, 2, 2, 2, 2, 2, 2, 2, 2, 2, 2, 2, 2, 2, 2, 2, 2, 2, 2, 2, 2, 2, 2, 2, 2, 2, 2, 2, 2, 2, 2, 2, 2, 2, 2, 2, 2, 2, 2, 2, 1, 1, 1, 1, 1, 1, 1, 1, 1, 1, 1, 1, 1, 1, 1, 1, 1, 1, 1, 1, 1, 1, 1, 1, 1, 1, 1, 1, 1, 1, 1, 1, 1, 1, 1, 1, 1, 1, 1, 1, 1, 1, 1, 1, 1, 1, 1, 1, 1, 1, 1, 1, 1, 1, 1, 1, 1, 1, 1, 1, 1, 1, 1, 1, 1, 1, 1, 1, 1, 1, 1, 1, 1, 1, 1, 1, 1, 1, 1, 1, 1, 1, 1, 1, 1, 1, 1, 1, 1, 1, 1, 1, 1, 1, 1, 1, 1, 1, 1, 1, 1, 1, 1, 1, 1, 1, 1, 1, 1, 1, 1, 1, 1, 1, 1, 1, 1, 1, 1, 1, 1, 1, 1, 1, 1, 1, 1, 1, 1, 1, 1, 1, 1, 1, 1, 1, 1, 1, 1, 1, 1, 1, 1, 1, 1, 1, 1, 1, 1, 1, 1, 1, 1, 1, 1, 1, 1, 1, 1, 1, 1, 1, 1, 1, 1, 1, 1, 1, 1, 1, 1, 1, 1, 1, 1, 1, 1, 1, 1, 1, 1, 1, 1, 1, 1, 1, 1, 1, 1, 1, 1, 1, 1, 1, 1, 1, 1, 1, 1, 1, 1, 1, 1, 1, 1, 1, 1, 1, 1, 1, 1, 1, 1, 1, 1, 1, 1, 1, 1, 1, 1, 1, 1, 1, 1, 1, 1, 1, 1, 1, 1, 1, 1, 1, 1, 1, 1, 1, 1, 1, 1, 1, 1, 1, 1, 1, 1, 1, 1, 1, 1, 1, 1, 1, 1, 1, 1, 1, 1, 1, 1, 1, 1, 1, 1, 1, 1, 1, 1, 1, 1, 1, 1, 1, 1, 1, 1, 1, 1, 1, 1, 1, 1, 1, 1, 1, 1, 1, 1, 1, 1, 1, 1, 1, 1, 1, 1, 1, 1, 1, 1, 1, 1, 1, 1, 1, 1, 1, 1, 1, 1, 1, 1, 1, 1, 1, 1, 1, 1, 1, 1, 1, 1, 1, 1, 1, 1, 1, 1, 1, 1, 1, 1, 1, 1, 1, 1, 1, 1, 1, 1, 1, 1, 1, 1, 1, 1, 1, 1, 1, 1, 1, 1, 1, 1, 1, 1, 1, 1, 1, 1, 1, 1, 1, 1, 1, 1, 1, 1, 1, 1, 1, 1, 1, 1, 1, 1, 1, 1, 1, 1, 1, 1, 1, 1, 1, 1, 1, 1, 1, 1, 1, 1, 1, 1, 1, 1, 1, 1, 1, 1, 1, 1, 1, 1, 1, 1, 1, 1, 1, 1, 1, 1, 1, 1, 1, 1, 1, 1, 1, 1, 1, 1, 1, 1, 1, 1, 1, 1, 1, 1, 1, 1, 1, 1, 1, 1, 1, 1, 1, 1, 1, 1, 1, 1, 1, 1, 1, 1, 1, 1, 1, 1, 1, 1, 1, 1, 1, 1, 1, 1, 1, 1, 1, 1, 1, 1, 1, 1, 1, 1, 1, 1, 1, 1, 1, 1, 1, 1, 1, 1, 1, 1, 1, 1, 1, 1, 1, 1, 1, 1, 1, 1, 1, 1, 1, 1, 1, 1, 1, 1, 1, 1, 1, 1, 1, 1, 1, 1, 1, 1, 1, 1, 1, 1, 1, 1, 1, 1, 1, 1, 1, 1, 1, 1, 1, 1, 1, 1, 1, 1, 1, 1, 1, 1, 1, 1, 1, 1, 1, 1, 1, 1, 1, 1, 1, 1, 1, 1, 1, 1, 1, 1, 1, 1, 1, 1, 1, 1, 1, 1, 1, 1, 1, 1, 1, 1, 1, 1, 1, 1, 1, 1, 1, 1, 1, 1, 1, 1, 1, 1, 1, 1, 1, 1, 1, 1, 1, 1, 1, 1, 1, 1, 1, 1, 1, 1, 1, 1, 1, 1, 1, 1, 1, 1, 1, 1, 1, 1, 1, 1, 1, 1, 1, 1, 1, 1, 1, 1, 1, 1, 1, 1, 1, 1, 1, 1, 1, 1, 1, 1, 1, 1, 1, 1, 1, 1, 1, 1, 1, 1, 1, 1, 1, 1, 1, 1, 1, 1, 1, 1, 1, 1, 1, 1, 1, 1, 1, 1, 1, 1, 1, 1, 1, 1, 1, 1, 1, 1, 1, 1, 1, 1, 1, 1, 1, 1, 1, 1, 1, 1, 1, 1, 1, 1, 1, 1, 1, 1, 1, 1, 1, 1, 1, 1, 1, 1, 1, 1, 1, 1, 1, 1, 1, 1, 1, 1, 1, 1, 1, 1, 1, 1, 1, 1, 1, 1, 1, 1, 1, 1, 1, 1, 1, 1, 1, 1, 1, 1, 1, 1, 1, 1, 1, 1, 1, 1, 1, 1, 1, 1, 1, 1, 1, 1, 1, 1, 1, 1, 1, 1, 1, 1, 1, 1, 1, 1, 1, 1, 1, 1, 1, 1, 1, 1, 1, 1, 1, 1, 1, 1, 1, 1, 1, 1, 1, 1, 1, 1, 1, 1, 1, 1, 1, 1, 1, 1, 1, 1, 1, 1, 1, 1, 1, 1, 1, 1, 1, 1, 1, 1, 1, 1, 1, 1, 1, 1, 1, 1, 1, 1, 1, 1, 1, 1, 1, 1, 1, 1, 1, 1, 1, 1, 1, 1, 1, 1, 1, 1, 1, 1, 1, 1, 1, 1, 1, 1, 1, 1, 1, 1, 1, 1, 1, 1, 1, 1, 1, 1, 1, 1, 1, 1, 1, 1, 1, 1, 1, 1, 1, 1, 1, 1, 1, 1, 1, 1, 1, 1, 1, 1, 1, 1, 1, 1, 1, 1, 1, 1, 1, 1, 1, 1, 1, 1, 1, 1, 1, 1, 1, 1, 1, 1, 1, 1, 1, 1, 1, 1, 1, 1, 1, 1, 1, 1, 1, 1, 1, 1, 1, 1, 1, 1, 1, 1, 1, 1, 1, 1, 1, 1, 1, 1, 1, 1, 1, 1, 1, 1, 1, 1, 1, 1, 1, 1, 1, 1, 1, 1, 1, 1, 1, 1, 1, 1, 1, 1, 1, 1, 1, 1, 1, 1, 1, 1, 1, 1, 1, 1, 1, 1, 1, 1, 1, 1, 1, 1, 1, 1, 1, 1, 1, 1, 1, 1, 1, 1, 1, 1, 1, 1, 1, 1, 1, 1, 1, 1, 1, 1, 1, 1, 1, 1, 1, 1, 1, 1, 1, 1, 1, 1, 1, 1, 1, 1, 1, 1, 1, 1, 1, 1, 1, 1, 1, 1, 1, 1, 1, 1, 1, 1, 1, 1, 1, 1, 1, 1, 1, 1, 1, 1, 1, 1, 1, 1, 1, 1, 1, 1, 1, 1, 1, 1, 1, 1, 1, 1, 1, 1, 1, 1, 1, 1, 1, 1, 1, 1, 1, 1, 1, 1, 1, 1, 1, 1, 1, 1, 1, 1, 1, 1, 1, 1, 1, 1, 1, 1, 1, 1, 1, 1, 1, 1, 1, 1, 1, 1, 1, 1, 1, 1, 1, 1, 1, 1, 1, 1, 1, 1, 1, 1, 1, 1, 1, 1, 1, 1, 1, 1, 1, 1, 1, 1, 1, 1, 1, 1, 1, 1, 1, 1, 1, 1, 1, 1, 1, 1, 1, 1, 1, 1, 1, 1, 1, 1, 1, 1, 1, 1, 1, 1, 1, 1, 1, 1, 1, 1, 1, 1, 1, 1, 1, 1, 1, 1, 1, 1, 1, 1, 1, 1, 1, 1, 1, 1, 1, 1, 1, 1, 1, 1, 1, 1, 1, 1, 1, 1, 1, 1, 1, 1, 1, 1, 1, 1, 1, 1, 1, 1, 1, 1, 1, 1, 1, 1, 1, 1, 1, 1, 1, 1, 1, 1, 1, 1, 1, 1, 1, 1, 1, 1, 1, 1, 1, 1, 1, 1, 1, 1, 1, 1, 1, 1, 1, 1, 1, 1, 1, 1, 1, 1, 1, 1, 1, 1, 1, 1, 1, 1, 1, 1, 1, 1, 1, 1, 1, 1, 1, 1, 1, 1, 1, 1, 1, 1, 1, 1, 1, 1, 1, 1, 1, 1, 1, 1, 1, 1, 1, 1, 1, 1, 1, 1, 1, 1, 1, 1, 1, 1, 1, 1, 1, 1, 1, 1, 1, 1, 1, 1, 1, 1, 1, 1, 1, 1, 1, 1, 1, 1, 1, 1, 1, 1, 1, 1, 1, 1, 1, 1, 1, 1, 1, 1, 1, 1, 1, 1, 1, 1, 1, 1, 1, 1, 1, 1, 1, 0, 0, 0, 0, 0, 0, 0, 0, 0, 0, 0, 0, 0, 0, 0, 0, 0, 0, 0, 0, 0, 0, 0, 0, 0, 0, 0, 0, 0, 0, 0, 0, 0, 0, 0, 0, 0, 0, 0, 0, 0, 0, 0, 0, 0, 0, 0, 0, 0, 0, 0, 0, 0, 0, 0, 0, 0, 0, 0, 0, 0, 0, 0, 0, 0, 0, 0, 0, 0, 0, 0, 0, 0, 0, 0, 0, 0, 0, 0, 0, 0, 0, 0, 0, 0, 0, 0, 0, 0, 0, 0, 0, 0, 0, 0, 0, 0, 0, 0, 0, 0, 0, 0, 0, 0, 0, 0, 0, 0, 0, 0, 0, 0, 0, 0, 0, 0, 0, 0, 0, 0, 0, 0, 0, 0, 0, 0, 0, 0, 0, 0, 0, 0, 0, 0, 0, 0, 0, 0, 0, 0, 0, 0, 0, 0, 0, 0, 0, 0, 0, 0, 0, 0, 0, 0, 0, 0, 0, 0, 0, 0, 0, 0, 0, 0, 0, 0, 0, 0, 0, 0, 0, 0, 0, 0, 0, 0, 0, 0, 0, 0, 0, 0, 0, 0, 0, 0, 0, 0, 0, 0, 0, 0, 0, 0, 0, 0, 0, 0, 0, 0, 0, 0, 0, 0, 0, 0, 0, 0, 0, 0, 0, 0, 0, 0, 0, 0, 0, 0, 0, 0, 0, 0, 0, 0, 0, 0, 0, 0, 0, 0, 0, 0, 0, 0, 0, 0, 0, 0, 0, 0, 0, 0, 0, 0, 0, 0, 0, 0, 0, 0, 0, 0, 0, 0, 0, 0, 0, 0, 0, 0, 0, 0, 0, 0, 0, 0, 0, 0, 0, 0, 0, 0, 0, 0, 0, 0, 0, 0, 0, 0, 0, 0, 0, 0, 0, 0, 0, 0, 0, 0, 0, 0, 0, 0, 0, 0, 0, 0, 0, 0, 0, 0, 0, 0, 0, 0, 0, 0, 0, 0, 0, 0, 0, 0, 0, 0, 0, 0, 0, 0, 0, 0, 0, 0, 0, 0, 0, 0, 0, 0, 0, 0, 0, 0, 0, 0, 0, 0, 0, 0, 0, 0, 0, 0, 0, 0, 0, 0, 0, 0, 0, 0, 0, 0, 0, 0, 0, 0, 0, 0, 0, 0, 0, 0, 0, 0, 0, 0, 0, 0, 0, 0, 0, 0, 0, 0, 0, 0, 0, 0, 0, 0, 0, 0, 0, 0, 0, 0, 0, 0, 0, 0, 0, 0, 0, 0, 0, 0, 0, 0, 0, 0, 0, 0, 0, 0, 0, 0, 0, 0, 0, 0, 0, 0, 0, 0, 0, 0, 0, 0, 0, 0, 0, 0, 0, 0, 0, 0, 0, 0, 0, 0, 0, 0, 0, 0, 0, 0, 0, 0, 0, 0, 0, 0, 0, 0, 0, 0, 0, 0, 0, 0, 0, 0, 0, 0, 0, 0, 0, 0]
Longest Shortest Paths: [16, 1, 14, 13, 14, 1, 14, 14, 15, 15, 13, 1, 1, 1, 14, 14, 14, 14, 15, 13, 13, 15, 15, 14, 1, 14, 15, 14, 15, 14, 1, 13, 14, 14, 16, 16, 13, 15, 15, 15, 13, 14, 14, 1, 14, 14, 14, 14, 13, 1, 16, 15, 14, 13, 14, 15, 14, 14, 13, 14, 15, 14, 13, 14, 14, 14, 15, 13, 14, 13, 14, 14, 13, 14, 17, 15, 15, 15, 14, 15, 16, 15, 14, 2, 15, 13, 1, 13, 13, 15, 13, 13, 14, 14, 15, 14, 14, 14, 14, 15, 13, 14, 15, 15, 14, 14, 13, 14, 14, 15, 13, 13, 15, 15, 1, 14, 15, 15, 14, 15, 13, 15, 13, 15, 14, 14, 14, 14, 13, 15, 14, 13, 14, 14, 13, 14, 13, 14, 1, 15, 14, 14, 14, 14, 14, 1, 14, 14, 13, 15, 14, 14, 15, 13, 14, 14, 13, 14, 14, 14, 18, 14, 13, 13, 14, 14, 14, 1, 15, 16, 13, 15, 17, 14, 16, 14, 14, 14, 14, 15, 15, 1, 14, 15, 14, 13, 14, 14, 15, 14, 14, 14, 15, 13, 13, 14, 13, 14, 14, 14, 14, 18, 14, 1, 15, 14, 16, 15, 14, 16, 15, 14, 13, 15, 14, 13, 15, 15, 13, 14, 14, 14, 14, 13, 16, 13, 13, 14, 15, 14, 16, 13, 13, 14, 14, 13, 14, 14, 14, 1, 13, 13, 14, 14, 14, 13, 15, 15, 14, 13, 15, 15, 14, 14, 14, 15, 14, 14, 15, 14, 15, 15, 14, 13, 16, 15, 15, 14, 16, 15, 17, 14, 15, 15, 13, 14, 1, 14, 13, 14, 13, 15, 14, 14, 14, 13, 15, 14, 13, 14, 14, 14, 15, 14, 14, 14, 15, 16, 15, 14, 15, 14, 14, 13, 13, 15, 13, 13, 13, 14, 14, 14, 16, 14, 14, 13, 18, 15, 13, 1, 13, 14, 13, 14, 14, 14, 15, 15, 13, 15, 14, 15, 14, 15, 15, 13, 15, 14, 13, 15, 1, 14, 13, 13, 13, 14, 14, 14, 14, 15, 14, 15, 14, 13, 14, 15, 15, 15, 15, 14, 14, 1, 15, 15, 14, 15, 14, 16, 14, 14, 14, 15, 15, 14, 14, 1, 14, 13, 14, 14, 15, 15, 14, 17, 16, 14, 15, 1, 14, 13, 14, 15, 13, 14, 14, 15, 14, 14, 14, 14, 1, 14, 14, 13, 15, 14, 1, 13, 15, 14, 13, 13, 15, 14, 15, 15, 14, 14, 15, 14, 14, 1, 15, 14, 14, 15, 14, 15, 15, 15, 15, 14, 14, 13, 14, 14, 13, 15, 17, 14, 15, 15, 15, 16, 14, 15, 15, 15, 14, 13, 15, 14, 15, 14, 15, 13, 13, 14, 14, 15, 13, 15, 14, 14, 15, 14, 15, 14, 15, 14, 1, 15, 13, 14, 15, 2, 14, 15, 15, 14, 1, 15, 1, 14, 15, 13, 13, 12, 14, 14, 1, 14, 15, 14, 15, 14, 13, 14, 15, 14, 15, 14, 17, 14, 14, 13, 14, 14, 13, 15, 14, 14, 13, 15, 14, 14, 13, 15, 16, 15, 14, 16, 14, 15, 13, 14, 15, 14, 14, 14, 15, 13, 14, 14, 13, 14, 15, 15, 12, 14, 14, 14, 12, 14, 13, 16, 15, 13, 14, 13, 13, 14, 1, 14, 2, 14, 13, 15, 14, 16, 14, 1, 14, 13, 14, 14, 15, 14, 14, 13, 14, 14, 13, 13, 16, 15, 15, 13, 13, 15, 14, 14, 13, 14, 14, 14, 14, 1, 2, 13, 14, 13, 16, 14, 14, 15, 15, 15, 13, 14, 14, 13, 14, 15, 14, 14, 14, 14, 15, 14, 14, 15, 13, 14, 14, 14, 14, 14, 15, 14, 13, 14, 15, 16, 1, 14, 15, 14, 13, 14, 15, 15, 13, 13, 14, 15, 16, 15, 15, 14, 1, 15, 16, 14, 13, 15, 14, 14, 1, 14, 14, 13, 14, 1, 1, 13, 14, 14, 3, 15, 14, 14, 14, 16, 14, 14, 14, 14, 14, 14, 13, 13, 15, 1, 15, 14, 15, 14, 14, 14, 1, 15, 14, 1, 15, 15, 14, 14, 15, 14, 15, 14, 15, 14, 1, 14, 14, 14, 13, 14, 15, 14, 14, 13, 15, 14, 14, 15, 13, 14, 14, 13, 13, 14, 14, 13, 16, 13, 14, 14, 14, 14, 15, 15, 13, 16, 15, 13, 13, 14, 14, 15, 15, 15, 14, 15, 15, 14, 14, 14, 14, 14, 15, 14, 13, 14, 16, 13, 13, 14, 14, 14, 14, 14, 16, 15, 13, 15, 14, 14, 15, 17, 14, 14, 14, 15, 13, 14, 14, 15, 14, 13, 13, 14, 14, 16, 13, 13, 14, 14, 13, 14, 14, 13, 15, 14, 13, 14, 14, 14, 14, 15, 13, 13, 13, 15, 14, 15, 14, 14, 16, 14, 16, 12, 1, 1, 14, 14, 15, 13, 16, 14, 15, 14, 15, 14, 14, 14, 14, 14, 15, 14, 15, 14, 14, 15, 14, 14, 14, 14, 14, 15, 14, 14, 1, 14, 13, 16, 1, 15, 13, 13, 13, 14, 15, 14, 14, 14, 15, 16, 14, 14, 15, 16, 15, 14, 1, 16, 15, 14, 16, 15, 14, 1, 15, 14, 15, 15, 14, 15, 14, 15, 14, 13, 15, 15, 14, 13, 12, 14, 13, 14, 18, 14, 14, 14, 1, 14, 14, 14, 15, 14, 14, 14, 14, 13, 14, 1, 13, 15, 14, 14, 14, 18, 14, 15, 13, 13, 14, 13, 15, 14, 15, 14, 15, 13, 15, 14, 14, 15, 14, 15, 16, 13, 15, 13, 14, 17, 13, 15, 14, 15, 14, 14, 15, 14, 14, 14, 16, 14, 14, 14, 14, 14, 14, 16, 1, 13, 1, 15, 2, 15, 15, 14, 17, 14, 13, 15, 15, 14, 13, 14, 14, 13, 1, 14, 1, 13, 15, 14, 15, 13, 14, 14, 14, 14, 2, 14, 13, 15, 14, 14, 1, 15, 15, 16, 15, 14, 14, 14, 13, 14, 13, 13, 14, 13, 1, 14, 15, 14, 14, 13, 14, 15, 14, 14, 13, 13, 15, 14, 13, 14, 14, 14, 14, 14, 14, 16, 14, 15, 14, 13, 15, 14, 13, 14, 14, 13, 13, 14, 13, 14, 15, 15, 15, 14, 14, 15, 15, 14, 17, 15, 14, 14, 13, 14, 14, 14, 15, 16, 14, 14, 15, 15, 14, 16, 14, 13, 15, 15, 14, 15, 15, 14, 14, 13, 13, 14, 13, 15, 15, 14, 14, 14, 14, 15, 14, 14, 15, 14, 14, 14, 14, 14, 14, 16, 15, 14, 15, 14, 14, 15, 14, 13, 16, 13, 13, 13, 15, 13, 13, 13, 15, 16, 16, 15, 15, 14, 14, 13, 13, 15, 14, 14, 14, 15, 13, 13, 13, 14, 14, 14, 13, 16, 14, 14, 14, 14, 14, 14, 15, 14, 15, 16, 14, 15, 14, 15, 13, 14, 14, 14, 16, 15, 13, 13, 14, 14, 15, 15, 13, 13, 15, 14, 15, 14, 14, 15, 14, 14, 15, 1, 13, 13, 15, 2, 16, 14, 15, 15, 14, 15, 15, 14, 14, 14, 14, 16, 15, 1, 16, 16, 15, 14, 14, 15, 13, 13, 15, 14, 1, 14, 1, 14, 13, 14, 15, 14, 14, 15, 13, 1, 14, 15, 14, 13, 14, 15, 14, 14, 15, 14, 13, 13, 14, 15, 15, 16, 14, 14, 13, 15, 14, 14, 14, 13, 14, 14, 13, 14, 13, 14, 13, 15, 14, 13, 13, 15, 15, 14, 15, 13, 14, 14, 13, 14, 13, 14, 1, 15, 16, 14, 13, 13, 14, 13, 16, 14, 1, 14, 14, 14, 13, 15, 13, 14, 15, 14, 15, 14, 13, 14, 15, 14, 13, 13, 14, 15, 15, 13, 14, 14, 14, 13, 14, 1, 13, 14, 14, 14, 14, 1, 15, 14, 13, 14, 14, 14, 14, 1, 15, 14, 15, 15, 14, 14, 14, 14, 14, 14, 14, 14, 13, 15, 13, 13, 2, 15, 13, 12, 15, 2, 13, 16, 15, 15, 14, 13, 14, 14, 14, 14, 15, 14, 16, 14, 13, 14, 14, 13, 15, 13, 14, 13, 13, 13, 16, 14, 14, 15, 17, 14, 14, 14, 14, 14, 13, 1, 15, 14, 14, 14, 14, 14, 14, 13, 14, 14, 14, 14, 15, 13, 16, 14, 13, 14, 16, 15, 15, 14, 15, 16, 14, 14, 14, 13, 14, 15, 14, 13, 13, 16, 13, 14, 13, 12, 14, 14, 14, 3, 15, 14, 13, 14, 14, 13, 15, 14, 1, 13, 14, 15, 14, 14, 13, 16, 14, 14, 15, 14, 14, 14, 15, 14, 14, 14, 14, 1, 14, 15, 1, 14, 14, 13, 15, 14, 13, 13, 14, 14, 16, 14, 15, 14, 17, 15, 1, 14, 14, 15, 1, 14, 17, 14, 15, 15, 14, 13, 14, 15, 14, 14, 17, 15, 13, 15, 13, 14, 13, 16, 15, 14, 15, 14, 14, 13, 14, 16, 17, 13, 14, 13, 14, 14, 14, 14, 16, 13, 14, 14, 15, 13, 15, 14, 14, 13, 15, 14, 14, 13, 13, 14, 14, 14, 14, 15, 13, 14, 14, 16, 1, 14, 14, 15, 14, 16, 14, 14, 15, 14, 14, 13, 15, 14, 16, 14, 15, 15, 14, 15, 14, 14, 14, 13, 14, 14, 14, 15, 15, 13, 15, 14, 1, 15, 15, 15, 15, 13, 14, 14, 15, 15, 15, 13, 14, 17, 15, 15, 14, 1, 15, 14, 14, 14, 14, 13, 14, 16, 14, 15, 14, 14, 14, 14, 14, 14, 14, 14, 14, 14, 14, 13, 2, 15, 14, 15, 16, 14, 14, 14, 15, 13, 13, 16, 14, 13, 13, 14, 13, 13, 14, 1, 13, 14, 14, 16, 13, 13, 15, 13, 13, 14, 14, 14, 14, 13, 14, 14, 14, 14, 14, 15, 13, 15, 14, 13, 14, 15, 14, 15, 14, 15, 13, 14, 14, 14, 14, 14, 14, 13, 13, 14, 14, 16, 13, 13, 13, 13, 15, 14, 14, 15, 13, 14, 16, 15, 14, 14, 14, 14, 14, 13, 14, 15, 14, 13, 14, 15, 13, 15, 15, 15, 16, 14, 13, 13, 14, 13, 14, 14, 14, 16, 15, 15, 14, 14, 14, 13, 14, 1, 14, 13, 14, 14, 14, 14, 13, 13, 1, 15, 3, 14, 14, 14, 14, 13, 13, 14, 16, 14, 13, 13, 15, 15, 15, 14, 14, 14, 15, 14, 1, 15, 14, 13, 15, 14, 14, 14, 15, 14, 14, 13, 13, 15, 15, 13, 15, 14, 15, 15, 16, 14, 15, 15, 15, 14, 14, 13, 15, 13, 13, 14, 15, 14, 15, 15, 14, 15, 13, 13, 16, 14, 13, 15, 13, 14, 15, 14, 15, 16, 14, 14, 15, 13, 14, 13, 15, 15, 14, 13, 13, 14, 14, 15, 13, 14, 13, 14, 16, 15, 14, 14, 13, 14, 15, 14, 14, 13, 15, 14, 14, 15, 13, 15, 14, 14, 14, 14, 13, 13, 15, 15, 15, 14, 16, 13, 14, 14, 14, 14, 14, 15, 13, 1, 16, 14, 14, 15, 14, 14, 14, 14, 15, 16, 16, 13, 14, 15, 13, 15, 14, 14, 13, 14, 14, 14, 15, 13, 14, 15, 13, 14, 15, 14, 14, 14, 14, 14, 15, 14, 14, 15, 14, 14, 16, 14, 13, 14, 14, 15, 13, 14, 14, 13, 14, 14, 14, 14, 14, 13, 14, 15, 14, 14, 13, 15, 1, 15, 16, 14, 1, 15, 13, 15, 13, 13, 13, 14, 15, 14, 14, 15, 14, 14, 13, 14, 2, 14, 14, 14, 14, 14, 14, 14, 14, 14, 14, 1, 14, 14, 13, 13, 14, 14, 16, 1, 14, 15, 15, 13, 14, 13, 14, 16, 15, 14, 14, 16, 15, 15, 14, 14, 14, 15, 1, 15, 14, 14, 14, 14, 14, 14, 14, 1, 13, 13, 13, 15, 14, 14, 14, 15, 14, 15, 14, 14, 16, 14, 14, 14, 14, 13, 16, 13, 15, 13, 14, 14, 14, 14, 14, 14, 14, 14, 14, 15, 15, 13, 13, 1, 14, 16, 14, 14, 14, 14, 15, 1, 14, 16, 14, 16, 15, 13, 15, 14, 14, 13, 15, 13, 13, 14, 15, 15, 14, 14, 15, 13, 13, 13, 14, 14, 13, 14, 15, 14, 14, 14, 15, 1, 13, 14, 13, 13, 15, 14, 14, 13, 15, 13, 14, 15, 1, 14, 14, 14, 14, 14, 14, 14, 14, 14, 14, 14, 14, 14, 14, 14, 14, 14, 14, 1, 1, 14, 1, 14, 17, 15, 14, 14, 13, 14, 14, 13, 14, 15, 14, 14, 14, 15, 13, 13, 14, 15, 1, 13, 14, 13, 15, 14, 14, 13, 14, 14, 16, 13, 13, 14, 14, 1, 14, 13, 15, 14, 13, 13, 15, 16, 13, 14, 14, 14, 15, 13, 14, 15, 14, 13, 14, 14, 13, 14, 16, 14, 14, 14, 15, 15, 1, 14, 14, 14, 2, 16, 15, 15, 14, 16, 15, 16, 16, 1, 13, 16, 14, 14, 16, 13, 15, 14, 14, 14, 13, 14, 13, 14, 15, 14, 14, 14, 14, 15, 14, 13, 14, 13, 13, 14, 14, 15, 15, 16, 15, 15, 1, 13, 14, 15, 13, 14, 13, 14, 15, 13, 14, 13, 15, 15, 14, 3, 14, 14, 14, 14, 14, 14, 15, 13, 1, 14, 14, 15, 16, 14, 14, 14, 16, 14, 13, 14, 15, 14, 2, 14, 17, 15, 14, 14, 15, 15, 14, 14, 17, 15, 15, 14, 14, 14, 17, 13, 13, 1, 15, 15, 14, 14, 14, 14, 14, 15, 14, 13, 14, 14, 1, 15, 13, 16, 14, 13, 13, 13, 1, 13, 13, 14, 13, 14, 13, 15, 14, 15, 13, 3, 14, 14, 14, 14, 15, 15, 13, 13, 14, 15, 14, 14, 13, 13, 14, 16, 15, 1, 15, 14, 13, 14, 15, 14, 15, 15, 1, 14, 14, 14, 14, 15, 14, 14, 14, 14, 14, 13, 14, 14, 13, 1, 16, 14, 15, 14, 15, 15, 13, 13, 14, 13, 13, 14, 14, 1, 16, 14, 14, 1, 15, 13, 13, 13, 15, 14, 14, 14, 15, 15, 14, 15, 14, 14, 14, 15, 14, 13, 14, 13, 1, 13, 13, 14, 1, 14, 15, 16, 16, 14, 15, 14, 15, 15, 13, 14, 14, 14, 13, 15, 14, 16, 14, 17, 14, 14, 14, 1, 15, 16, 13, 14, 14, 14, 14, 15, 15, 15, 14, 14, 13, 16, 14, 14, 14, 14, 14, 14, 1, 15, 15, 14, 14, 13, 14, 14, 14, 14, 13, 13, 15, 15, 15, 14, 14, 14, 16, 14, 1, 15, 13, 15, 14, 15, 14, 15, 14, 14, 14, 14, 14, 14, 1, 14, 15, 15, 1, 14, 13, 13, 15, 14, 14, 14, 15, 14, 14, 2, 16, 1, 14, 15, 15, 14, 15, 13, 13, 2, 14, 14, 15, 15, 15, 14, 14, 14, 16, 15, 13, 16, 13, 15, 14, 14, 13, 14, 14, 14, 14, 14, 15, 15, 15, 14, 14, 15, 14, 15, 14, 14, 14, 14, 16, 15, 16, 14, 15, 14, 14, 13, 14, 15, 14, 13, 15, 14, 14, 14, 14, 13, 15, 15, 14, 14, 16, 15, 13, 14, 15, 13, 14, 1, 15, 13, 14, 13, 16, 14, 14, 13, 14, 14, 14, 1, 14, 15, 15, 15, 15, 13, 14, 13, 14, 13, 15, 14, 15, 1, 14, 15, 14, 15, 14, 13, 14, 15, 16, 15, 14, 14, 14, 13, 13, 14, 14, 16, 15, 14, 15, 13, 15, 14, 14, 15, 14, 16, 14, 13, 14, 15, 14, 14, 14, 14, 14, 14, 1, 15, 14, 1, 13, 14, 14, 14, 14, 14, 14, 14, 14, 15, 15, 14, 14, 15, 14, 13, 13, 15, 14, 14, 16, 15, 14, 15, 14, 14, 13, 14, 15, 13, 14, 16, 14, 14, 13, 13, 14, 14, 14, 15, 14, 14, 15, 14, 15, 1, 13, 14, 14, 15, 15, 15, 15, 13, 14, 14, 14, 3, 13, 14, 14, 14, 15, 13, 14, 1, 13, 14, 14, 13, 14, 15, 1, 13, 14, 13, 13, 14, 14, 14, 14, 17, 14, 15, 14, 15, 15, 16, 14, 14, 13, 14, 14, 13, 2, 1, 14, 14, 15, 14, 15, 14, 14, 1, 15, 14, 14, 14, 14, 14, 14, 13, 13, 15, 14, 13, 15, 13, 15, 15, 14, 14, 14, 14, 15, 14, 14, 1, 16, 14, 15, 13, 14, 14, 14, 15, 14, 14, 14, 15, 14, 17, 14, 14, 16, 14, 14, 14, 14, 14, 14, 15, 15, 14, 13, 13, 14, 15, 13, 15, 14, 14, 15, 14, 1, 13, 13, 14, 14, 1, 17, 14, 13, 14, 15, 14, 14, 14, 14, 14, 14, 14, 14, 16, 14, 14, 14, 13, 14, 14, 14, 14, 14, 14, 15, 13, 14, 1, 16, 15, 15, 3, 14, 14, 14, 14, 1, 13, 12, 13, 15, 13, 15, 14, 2, 14, 15, 14, 14, 14, 14, 14, 14, 13, 14, 15, 15, 15, 14, 15, 2, 13, 17, 15, 14, 14, 13, 14, 15, 14, 13, 15, 15, 14, 14, 14, 14, 15, 15, 15, 14, 14, 16, 14, 14, 14, 1, 15, 14, 15, 14, 14, 15, 15, 15, 13, 14, 14, 14, 14, 15, 14, 1, 14, 15, 14, 14, 13, 15, 16, 13, 13, 15, 14, 14, 14, 14, 15, 14, 14, 13, 15, 15, 14, 13, 15, 1, 15, 14, 14, 14, 14, 14, 16, 14, 14, 13, 15, 14, 14, 14, 14, 14, 13, 14, 14, 14, 13, 13, 14, 14, 17, 1, 14, 15, 13, 15, 15, 14, 14, 15, 14, 14, 13, 14, 14, 13, 15, 14, 15, 14, 13, 14, 14, 14, 16, 13, 13, 15, 14, 15, 14, 13, 14, 13, 14, 15, 13, 13, 14, 14, 14, 14, 14, 1, 14, 15, 14, 15, 14, 15, 16, 14, 1, 14, 13, 14, 14, 14, 16, 14, 15, 14, 2, 13, 15, 13, 14, 14, 13, 14, 14, 13, 14, 15, 15, 13, 14, 14, 14, 13, 15, 14, 15, 16, 14, 15, 15, 14, 14, 14, 14, 14, 14, 14, 14, 15, 14, 14, 14, 13, 15, 14, 13, 14, 13, 16, 14, 15, 14, 14, 14, 13, 13, 15, 1, 15, 14, 13, 14, 15, 15, 15, 16, 15, 15, 14, 15, 14, 15, 14, 14, 3, 15, 14, 14, 14, 14, 13, 14, 1, 13, 14, 1, 14, 13, 15, 14, 13, 14, 14, 14, 16, 15, 15, 15, 14, 14, 13, 13, 1, 14, 13, 14, 15, 15, 14, 13, 15, 13, 15, 15, 14, 15, 14, 14, 14, 15, 14, 14, 15, 14, 14, 14, 14, 14, 13, 15, 17, 13, 13, 14, 16, 14, 14, 13, 14, 15, 14, 15, 15, 13, 14, 14, 15, 13, 14, 14, 14, 14, 16, 13, 15, 13, 14, 15, 1, 15, 16, 13, 14, 14, 13, 1, 16, 14, 14, 13, 14, 14, 15, 15, 16, 13, 15, 15, 13, 15, 15, 16, 14, 15, 13, 13, 14, 16, 15, 14, 15, 15, 14, 13, 14, 13, 13, 1, 15, 15, 14, 14, 14, 14, 15, 14, 13, 14, 14, 14, 14, 14, 14, 1, 15, 15, 14, 14, 15, 14, 1, 14, 14, 14, 13, 13, 14, 15, 14, 15, 15, 14, 15, 14, 15, 16, 14, 14, 14, 1, 14, 14, 15, 14, 14, 15, 15, 14, 14, 14, 13, 14, 15, 13, 13, 14, 14, 13, 15, 16, 14, 14, 16, 14, 15, 13, 13, 14, 14, 14, 13, 15, 13, 14, 14, 14, 14, 14, 15, 14, 13, 16, 15, 14, 14, 14, 14, 15, 14, 12, 16, 14, 14, 16, 14, 16, 14, 13, 13, 14, 13, 13, 14, 14, 15, 15, 14, 14, 1, 14, 15, 13, 14, 16, 14, 2, 15, 14, 15, 15, 14, 15, 14, 12, 13, 13, 13, 14, 14, 15, 14, 13, 14, 1, 14, 14, 15, 14, 14, 14, 16, 15, 15, 14, 1, 13, 13, 15, 14, 14, 14, 15, 14, 1, 13, 1, 14, 14, 14, 14, 14, 1, 1, 14, 14, 15, 13, 14, 14, 15, 14, 14, 15, 14, 14, 14, 13, 14, 1, 16, 14, 15, 14, 1, 14, 13, 15, 14, 14, 13, 14, 15, 14, 13, 14, 13, 13, 14, 14, 15, 13, 1, 14, 14, 15, 14, 16, 15, 14, 14, 14, 15, 15, 15, 15, 14, 14, 14, 14, 13, 14, 1, 14, 13, 14, 13, 14, 15, 15, 14, 14, 15, 14, 15, 15, 13, 14, 14, 13, 13, 14, 14, 1, 1, 14, 1, 15, 14, 15, 13, 13, 15, 13, 13, 14, 1, 1, 1, 14, 14, 14, 13, 13, 14, 15, 14, 3, 14, 14, 15, 14, 1, 14, 13, 14, 14, 15, 14, 14, 13, 13, 2, 14, 13, 16, 15, 15, 14, 13, 14, 14, 14, 14, 15, 15, 14, 14, 15, 15, 13, 15, 16, 14, 14, 1, 13, 14, 17, 14, 13, 14, 14, 14, 14, 14, 14, 16, 14, 14, 14, 16, 14, 14, 15, 13, 13, 14, 14, 15, 14, 17, 15, 15, 14, 13, 14, 13, 14, 14, 14, 1, 13, 14, 15, 16, 15, 15, 13, 14, 15, 14, 13, 13, 15, 15, 14, 14, 14, 14, 15, 16, 14, 14, 14, 14, 14, 13, 13, 13, 14, 14, 13, 14, 1, 14, 14, 16, 13, 13, 14, 14, 1, 14, 15, 1, 13, 14, 14, 1, 15, 13, 15, 14, 14, 14, 14, 13, 13, 14, 15, 15, 15, 13, 15, 15, 14, 14, 14, 1, 14, 14, 1, 14, 1, 14, 14, 15, 13, 2, 14, 14, 14, 15, 16, 13, 13, 14, 14, 15, 14, 14, 15, 13, 15, 14, 16, 15, 16, 13, 15, 13, 14, 15, 13, 13, 14, 14, 15, 14, 1, 14, 16, 14, 14, 15, 15, 15, 14, 15, 14, 14, 14, 1, 14, 14, 1, 13, 13, 15, 14, 15, 14, 13, 13, 14, 15, 14, 14, 15, 14, 15, 16, 14, 14, 14, 14, 15, 14, 14, 14, 13, 1, 14, 14, 1, 2, 14, 15, 14, 13, 14, 13, 13, 14, 14, 14, 14, 14, 13, 16, 13, 13, 16, 14, 15, 14, 14, 15, 1, 13, 15, 14, 13, 15, 14, 14, 15, 14, 15, 16, 1, 13, 14, 14, 14, 14, 14, 13, 14, 14, 14, 14, 13, 14, 14, 14, 14, 15, 13, 15, 14, 14, 14, 14, 1, 14, 15, 14, 14, 14, 15, 14, 16, 14, 14, 14, 15, 15, 14, 15, 14, 15, 15, 15, 16, 14, 14, 13, 13, 14, 15, 13, 14, 16, 15, 14, 13, 15, 14, 1, 14, 14, 15, 14, 14, 15, 14, 1, 14, 1, 13, 14, 14, 15, 15, 14, 2, 15, 15, 15, 13, 16, 14, 13, 14, 14, 14, 14, 14, 15, 2, 14, 14, 15, 14, 15, 13, 13, 15, 14, 14, 14, 15, 2, 14, 13, 15, 14, 15, 14, 13, 14, 13, 15, 14, 14, 15, 14, 15, 14, 14, 13, 14, 15, 15, 2, 13, 13, 14, 14, 13, 13, 14, 1, 13, 14, 14, 13, 13, 15, 14, 14, 15, 14, 13, 13, 13, 15, 14, 14, 1, 15, 13, 15, 15, 13, 14, 16, 14, 15, 1, 13, 14, 15, 15, 14, 14, 15, 14, 16, 14, 13, 14, 14, 14, 14, 15, 14, 14, 1, 14, 16, 14, 14, 14, 16, 14, 15, 16, 15, 14, 14, 13, 13, 14, 13, 13, 13, 14, 14, 14, 14, 16, 14, 15, 14, 3, 14, 14, 13, 14, 16, 13, 13, 1, 14, 15, 14, 14, 15, 15, 14, 14, 14, 14, 13, 15, 14, 16, 14, 14, 13, 15, 14, 14, 14, 14, 14, 14, 17, 13, 13, 14, 14, 15, 14, 14, 13, 15, 14, 14, 14, 14, 14, 13, 13, 14, 14, 1, 15, 14, 14, 1, 14, 15, 14, 13, 14, 13, 15, 16, 15, 17, 15, 14, 15, 14, 14, 14, 14, 14, 14, 14, 13, 14, 14, 14, 15, 14, 14, 15, 14, 14, 16, 14, 13, 15, 14, 14, 14, 14, 15, 13, 15, 15, 14, 13, 13, 2, 15, 14, 14, 14, 16, 13, 16, 15, 15, 13, 14, 14, 15, 15, 13, 15, 15, 13, 15, 15, 14, 14, 15, 15, 13, 15, 14, 14, 15, 14, 14, 13, 13, 14, 14, 14, 14, 15, 15, 13, 14, 15, 13, 14, 14, 14, 15, 14, 14, 14, 13, 13, 14, 14, 16, 15, 15, 15, 15, 13, 14, 17, 13, 15, 14, 15, 15, 14, 13, 15, 14, 13, 15, 14, 14, 13, 15, 14, 15, 14, 14, 14, 15, 14, 15, 13, 14, 14, 13, 16, 13, 15, 14, 13, 13, 14, 15, 13, 14, 15, 1, 14, 13, 13, 15, 1, 15, 14, 14, 14, 14, 14, 14, 14, 13, 14, 14, 14, 14, 13, 15, 14, 14, 14, 14, 14, 14, 14, 14, 14, 14, 14, 14, 14, 14, 15, 14, 13, 14, 15, 14, 18, 14, 15, 14, 14, 15, 13, 14, 14, 15, 16, 14, 14, 15, 13, 14, 13, 14, 14, 13, 13, 13, 14, 1, 16, 14, 13, 14, 13, 14, 15, 16, 14, 15, 14, 15, 14, 14, 14, 14, 14, 14, 13, 13, 14, 15, 14, 14, 14, 14, 14, 1, 13, 14, 13, 14, 14, 14, 14, 14, 16, 15, 1, 14, 14, 14, 15, 14, 14, 1, 14, 14, 14, 15, 14, 14, 15, 14, 14, 16, 14, 14, 13, 15, 13, 2, 14, 15, 14, 13, 13, 15, 15, 14, 13, 14, 15, 14, 14, 14, 16, 15, 15, 14, 1, 16, 13, 14, 1, 14, 16, 15, 13, 16, 14, 14, 14, 14, 14, 14, 13, 13, 14, 15, 14, 15, 15, 14, 15, 15, 13, 15, 14, 13, 13, 13, 13, 14, 13, 15, 14, 14, 15, 14, 15, 14, 14, 15, 15, 14, 15, 14, 14, 14, 15, 13, 14, 13, 15, 15, 16, 16, 15, 15, 14, 15, 14, 1, 14, 14, 14, 14, 13, 15, 13, 14, 14, 14, 15, 14, 14, 15, 16, 15, 14, 14, 16, 13, 16, 1, 14, 14, 14, 14, 14, 14, 15, 13, 14, 13, 14, 14, 1, 15, 14, 14, 1, 15, 14, 15, 15, 15, 14, 14, 14, 13, 15, 1, 13, 13, 14, 14, 14, 15, 14, 15, 14, 14, 14, 15, 13, 14, 14, 13, 15, 13, 14, 14, 14, 14, 13, 14, 14, 14, 15, 14, 15, 13, 14, 16, 15, 16, 14, 13, 15, 14, 4, 14, 14, 14, 16, 15, 15, 14, 15, 14, 14, 15, 13, 13, 14, 13, 13, 14, 1, 14, 15, 14, 14, 13, 14, 14, 15, 14, 13, 14, 13, 13, 13, 13, 14, 13, 15, 14, 14, 14, 14, 14, 14, 13, 14, 14, 14, 14, 13, 14, 14, 14, 14, 15, 13, 13, 17, 13, 15, 14, 14, 13, 16, 14, 13, 15, 14, 14, 13, 14, 14, 13, 13, 14, 14, 13, 14, 14, 13, 13, 1, 15, 14, 14, 15, 15, 14, 14, 14, 13, 15, 14, 1, 14, 16, 17, 16, 2, 14, 15, 16, 14, 14, 14, 15, 14, 13, 15, 14, 14, 14, 14, 14, 14, 13, 15, 16, 14, 13, 14, 1, 14, 14, 15, 15, 14, 1, 15, 1, 14, 16, 14, 13, 15, 14, 13, 15, 16, 13, 13, 14, 14, 14, 15, 15, 14, 1, 14, 13, 14, 16, 14, 14, 14, 14, 2, 1, 14, 14, 14, 13, 14, 15, 13, 14, 14, 14, 14, 13, 14, 15, 13, 14, 14, 14, 14, 13, 14, 15, 14, 16, 14, 13, 15, 14, 14, 13, 15, 13, 14, 15, 14, 14, 14, 13, 16, 14, 15, 14, 14, 15, 13, 1, 14, 14, 14, 14, 14, 15, 14, 15, 14, 14, 15, 15, 15, 14, 13, 14, 14, 14, 15, 15, 15, 14, 14, 13, 13, 13, 13, 1, 14, 14, 14, 15, 15, 15, 14, 15, 14, 14, 14, 14, 14, 14, 14, 16, 14, 15, 15, 14, 14, 14, 16, 13, 15, 13, 15, 13, 1, 15, 13, 14, 13, 14, 15, 15, 15, 14, 1, 14, 14, 14, 13, 14, 14, 14, 13, 14, 14, 15, 15, 14, 14, 14, 14, 14, 15, 12, 14, 15, 15, 14, 14, 13, 14, 15, 14, 14, 15, 14, 14, 15, 15, 14, 14, 15, 16, 13, 14, 14, 14, 14, 15, 15, 1, 14, 14, 14, 14, 14, 14, 14, 14, 13, 14, 14, 1, 14, 14, 14, 15, 14, 15, 14, 14, 13, 14, 13, 14, 14, 14, 13, 15, 14, 14, 15, 14, 16, 1, 13, 15, 14, 15, 14, 14, 13, 14, 14, 14, 14, 14, 15, 13, 15, 15, 13, 14, 13, 13, 13, 15, 14, 1, 13, 16, 14, 14, 14, 14, 13, 14, 14, 14, 15, 1, 13, 14, 14, 15, 13, 13, 14, 14, 14, 14, 15, 13, 13, 14, 14, 15, 14, 13, 15, 13, 14, 15, 15, 14, 14, 16, 15, 15, 13, 14, 14, 14, 14, 15, 1, 14, 14, 13, 15, 15, 15, 15, 15, 14, 15, 14, 14, 13, 14, 14, 14, 16, 14, 13, 15, 14, 14, 14, 14, 14, 14, 15, 14, 15, 15, 14, 16, 14, 14, 14, 14, 15, 14, 15, 12, 14, 15, 14, 14, 1, 14, 13, 14, 13, 14, 14, 15, 13, 14, 14, 16, 14, 14, 13, 14, 14, 14, 14, 15, 14, 13, 16, 15, 14, 14, 1, 14, 15, 13, 15, 15, 13, 15, 15, 14, 14, 14, 13, 14, 13, 13, 1, 13, 13, 14, 15, 14, 14, 14, 15, 14, 14, 16, 14, 13, 15, 14, 14, 13, 15, 16, 12, 16, 13, 14, 14, 14, 14, 14, 13, 15, 14, 14, 15, 13, 13, 14, 14, 17, 14, 3, 15, 15, 15, 14, 14, 14, 14, 1, 14, 13, 14, 14, 14, 13, 16, 14, 15, 14, 14, 1, 15, 14, 13, 15, 15, 13, 14, 14, 15, 15, 14, 16, 14, 14, 13, 13, 15, 18, 14, 13, 15, 14, 16, 14, 13, 1, 14, 14, 17, 13, 13, 14, 14, 14, 14, 15, 15, 14, 15, 14, 16, 14, 14, 14, 14, 14, 15, 15, 13, 13, 1, 14, 14, 14, 13, 15, 14, 14, 14, 13, 16, 15, 14, 14, 14, 14, 13, 15, 14, 1, 14, 14, 14, 14, 15, 14, 1, 13, 1, 16, 14, 16, 13, 14, 14, 14, 14, 15, 14, 1, 1, 16, 14, 1, 15, 14, 15, 15, 15, 14, 15, 15, 16, 13, 15, 15, 15, 14, 14, 15, 16, 14, 14, 1, 17, 15, 13, 14, 13, 14, 14, 14, 14, 13, 14, 14, 14, 13, 15, 13, 14, 14, 1, 13, 14, 13, 15, 15, 15, 14, 2, 14, 15, 14, 13, 14, 13, 15, 15, 14, 15, 15, 14, 14, 13, 14, 14, 13, 15, 14, 15, 1, 14, 15, 16, 14, 14, 15, 18, 14, 14, 14, 2, 14, 13, 16, 15, 14, 14, 15, 14, 2, 14, 14, 14, 15, 14, 14, 1, 16, 14, 15, 15, 14, 13, 14, 14, 16, 15, 15, 15, 14, 13, 16, 1, 15, 13, 14, 13, 13, 14, 13, 16, 13, 14, 15, 15, 15, 14, 14, 14, 14, 1, 13, 15, 14, 15, 15, 16, 14, 15, 15, 15, 16, 14, 13, 14, 14, 14, 14, 16, 14, 14, 16, 14, 1, 15, 14, 13, 13, 13, 13, 15, 14, 14, 13, 14, 13, 15, 16, 14, 15, 13, 14, 14, 14, 14, 14, 15, 14, 1, 13, 16, 15, 14, 14, 14, 13, 16, 13, 1, 14, 17, 15, 14, 14, 15, 13, 12, 13, 14, 14, 15, 15, 13, 16, 1, 15, 14, 13, 15, 14, 14, 15, 14, 13, 13, 13, 13, 14, 14, 15, 13, 14, 15, 14, 1, 13, 13, 1, 15, 1, 14, 13, 13, 14, 14, 14, 14, 14, 14, 14, 12, 16, 1, 14, 15, 14, 13, 13, 13, 13, 14, 14, 14, 15, 14, 14, 14, 14, 14, 14, 14, 1, 15, 14, 14, 14, 15, 13, 14, 14, 15, 14, 15, 13, 15, 15, 14, 16, 15, 14, 15, 17, 14, 16, 13, 14, 14, 14, 13, 14, 13, 14, 14, 15, 1, 14, 14, 13, 14, 15, 13, 14, 16, 15, 13, 15, 14, 15, 14, 15, 14, 15, 16, 15, 13, 14, 15, 14, 14, 15, 15, 14, 14, 13, 15, 14, 14, 14, 15, 14, 15, 13, 15, 13, 13, 14, 16, 14, 14, 14, 14, 15, 14, 15, 14, 15, 15, 14, 1, 13, 17, 14, 14, 14, 15, 13, 14, 13, 1, 1, 13, 16, 13, 14, 15, 1, 2, 16, 15, 14, 14, 13, 13, 17, 2, 17, 14, 1, 1, 14, 15, 15, 14, 15, 14, 14, 14, 14, 13, 13, 15, 14, 14, 1, 15, 14, 15, 15, 13, 14, 16, 15, 14, 14, 15, 15, 14, 14, 16, 15, 14, 14, 14, 13, 14, 14, 14, 15, 14, 14, 15, 15, 16, 15, 14, 14, 14, 13, 14, 14, 15, 1, 14, 15, 16, 13, 15, 14, 13, 14, 16, 15, 13, 14, 15, 14, 14, 14, 15, 14, 16, 14, 15, 1, 1, 14, 14, 13, 15, 14, 14, 15, 14, 13, 14, 14, 15, 14, 15, 14, 14, 14, 14, 15, 1, 13, 15, 15, 14, 13, 15, 15, 14, 14, 15, 14, 14, 15, 1, 14, 15, 14, 13, 15, 14, 13, 14, 14, 14, 14, 14, 15, 14, 15, 14, 15, 15, 14, 14, 14, 15, 14, 15, 13, 15, 1, 15, 13, 17, 14, 14, 15, 15, 13, 14, 2, 15, 15, 14, 14, 15, 15, 13, 13, 1, 15, 13, 15, 14, 16, 15, 13, 15, 14, 14, 13, 14, 14, 14, 1, 14, 16, 13, 16, 13, 14, 15, 14, 13, 14, 14, 14, 14, 14, 14, 1, 14, 15, 15, 13, 15, 15, 14, 14, 2, 14, 13, 14, 14, 15, 14, 14, 14, 14, 1, 14, 13, 1, 14, 13, 14, 13, 16, 13, 13, 13, 2, 13, 2, 14, 16, 15, 14, 13, 13, 15, 13, 1, 14, 14, 1, 13, 15, 14, 15, 15, 14, 14, 15, 14, 14, 15, 15, 14, 14, 14, 14, 13, 1, 16, 15, 1, 14, 15, 13, 13, 14, 13, 14, 14, 15, 15, 13, 15, 14, 14, 14, 13, 14, 15, 15, 14, 14, 14, 14, 15, 14, 14, 13, 15, 16, 14, 13, 15, 14, 14, 14, 14, 16, 13, 14, 14, 14, 14, 15, 14, 14, 15, 14, 14, 14, 16, 14, 14, 13, 15, 14, 13, 14, 14, 14, 15, 15, 14, 1, 13, 14, 15, 13, 14, 14, 13, 14, 14, 1, 13, 15, 14, 14, 2, 15, 18, 13, 15, 13, 16, 1, 15, 14, 15, 15, 15, 14, 14, 15, 14, 14, 15, 13, 16, 13, 14, 14, 14, 14, 15, 15, 14, 14, 15, 1, 14, 14, 14, 15, 13, 14, 15, 14, 13, 15, 13, 14, 13, 15, 15, 13, 14, 1, 14, 13, 13, 14, 14, 16, 14, 14, 14, 14, 14, 1, 13, 15, 14, 14, 14, 2, 14, 14, 14, 13, 1, 15, 16, 14, 2, 13, 13, 14, 15, 13, 13, 14, 15, 13, 13, 15, 14, 15, 15, 15, 14, 15, 13, 1, 14, 14, 15, 16, 15, 15, 14, 14, 16, 16, 15, 15, 13, 15, 14, 1, 14, 15, 13, 13, 14, 14, 14, 14, 14, 14, 13, 15, 14, 14, 15, 16, 15, 15, 14, 17, 14, 15, 14, 13, 14, 13, 15, 14, 15, 13, 14, 14, 14, 14, 13, 13, 13, 14, 15, 14, 14, 15, 17, 15, 13, 14, 16, 14, 15, 15, 14, 14, 14, 14, 14, 14, 14, 14, 12, 14, 14, 13, 14, 15, 15, 16, 15, 15, 14, 15, 15, 14, 13, 1, 1, 15, 14, 15, 14, 13, 14, 3, 14, 14, 14, 2, 13, 14, 14, 13, 15, 13, 14, 14, 14, 13, 14, 1, 17, 14, 16, 15, 13, 15, 15, 15, 15, 14, 3, 15, 14, 14, 14, 15, 15, 16, 13, 14, 14, 15, 15, 13, 15, 14, 13, 14, 14, 13, 15, 14, 14, 13, 13, 15, 14, 17, 13, 1, 14, 15, 15, 13, 13, 14, 15, 13, 1, 14, 14, 15, 14, 16, 14, 14, 15, 13, 14, 14, 14, 15, 14, 1, 17, 13, 13, 14, 13, 14, 14, 14, 13, 14, 14, 15, 14, 16, 13, 13, 14, 13, 14, 14, 15, 16, 14, 13, 14, 15, 14, 16, 2, 14, 14, 13, 13, 14, 15, 13, 15, 15, 14, 15, 14, 13, 14, 14, 1, 15, 14, 14, 13, 15, 14, 15, 15, 13, 14, 13, 14, 13, 16, 15, 14, 15, 14, 15, 1, 16, 15, 1, 13, 14, 16, 14, 15, 13, 14, 15, 15, 14, 15, 14, 1, 15, 14, 14, 15, 13, 14, 13, 15, 14, 14, 13, 14, 14, 15, 14, 14, 13, 15, 14, 13, 13, 13, 14, 15, 13, 15, 14, 14, 14, 16, 15, 14, 14, 14, 14, 14, 14, 15, 1, 14, 14, 15, 14, 14, 15, 14, 13, 13, 15, 15, 13, 14, 15, 14, 15, 15, 14, 14, 14, 16, 13, 13, 14, 13, 2, 16, 14, 13, 15, 15, 13, 15, 13, 1, 14, 13, 14, 14, 14, 14, 14, 13, 14, 15, 1, 14, 13, 3, 15, 14, 13, 15, 15, 14, 14, 15, 14, 14, 14, 14, 16, 16, 13, 14, 14, 14, 13, 14, 15, 15, 14, 15, 14, 15, 15, 15, 14, 13, 14, 14, 14, 13, 15, 14, 14, 14, 14, 14, 15, 14, 14, 15, 15, 14, 14, 14, 14, 14, 13, 15, 14, 15, 15, 14, 13, 15, 14, 16, 15, 15, 14, 14, 13, 14, 15, 14, 15, 14, 15, 13, 15, 2, 15, 13, 15, 1, 15, 14, 14, 14, 13, 15, 14, 14, 14, 15, 16, 15, 13, 14, 14, 14, 14, 14, 15, 14, 13, 15, 17, 14, 13, 14, 14, 15, 16, 14, 2, 13, 14, 15, 14, 14, 14, 14, 1, 14, 15, 13, 13, 14, 15, 14, 16, 14, 13, 14, 15, 14, 13, 14, 14, 14, 14, 13, 14, 14, 13, 14, 1, 13, 14, 15, 14, 14, 13, 1, 14, 16, 14, 15, 14, 14, 15, 14, 1, 13, 14, 15, 15, 15, 16, 15, 15, 14, 14, 15, 15, 15, 14, 13, 14, 14, 13, 15, 14, 14, 14, 14, 14, 15, 15, 14, 14, 13, 1, 14, 14, 15, 15, 13, 13, 15, 1, 14, 16, 1, 15, 14, 14, 15, 14, 15, 13, 16, 1, 14, 14, 14, 15, 14, 13, 14, 14, 15, 15, 14, 1, 14, 14, 15, 14, 13, 15, 14, 14, 15, 14, 14, 1, 14, 14, 14, 13, 14, 15, 14, 14, 15, 13, 14, 18, 15, 15, 15, 15, 1, 14, 14, 13, 15, 1, 17, 14, 15, 14, 14, 13, 14, 15, 16, 13, 14, 13, 15, 15, 15, 14, 14, 14, 14, 14, 15, 13, 14, 13, 13, 13, 13, 13, 16, 14, 14, 14, 15, 13, 14, 1, 14, 14, 14, 15, 14, 14, 2, 15, 16, 15, 13, 14, 14, 14, 15, 15, 14, 15, 1, 17, 14, 16, 13, 15, 14, 15, 14, 14, 14, 14, 15, 14, 14, 13, 15, 13, 14, 14, 14, 14, 14, 14, 15, 14, 14, 13, 15, 14, 14, 14, 14, 15, 15, 14, 13, 1, 14, 14, 14, 14, 14, 13, 14, 14, 15, 14, 14, 1, 1, 13, 13, 15, 15, 15, 13, 14, 1, 15, 14, 13, 13, 16, 14, 15, 13, 15, 14, 15, 15, 14, 14, 13, 15, 16, 14, 13, 13, 1, 15, 15, 15, 14, 16, 14, 15, 13, 14, 13, 13, 14, 15, 15, 15, 14, 14, 13, 14, 15, 14, 14, 14, 14, 14, 13, 13, 13, 13, 14, 14, 15, 1, 13, 13, 14, 14, 14, 14, 14, 14, 14, 14, 14, 1, 1, 13, 15, 13, 14, 16, 15, 15, 14, 15, 14, 14, 14, 15, 14, 14, 13, 14, 14, 13, 14, 14, 15, 14, 1, 15, 14, 15, 13, 14, 15, 14, 13, 1, 14, 14, 14, 14, 14, 14, 14, 14, 13, 14, 14, 15, 14, 14, 13, 13, 14, 13, 14, 14, 15, 15, 14, 15, 14, 15, 16, 14, 14, 12, 14, 13, 13, 15, 14, 14, 14, 14, 14, 14, 14, 14, 14, 14, 15, 15, 14, 14, 2, 15, 14, 14, 15, 13, 14, 15, 14, 14, 1, 14, 14, 1, 15, 1, 14, 14, 15, 14, 15, 13, 15, 14, 15, 14, 13, 13, 13, 14, 14, 1, 15, 14, 14, 14, 14, 15, 14, 16, 14, 14, 14, 1, 15, 15, 13, 15, 14, 1, 15, 14, 14, 14, 14, 15, 14, 13, 15, 14, 16, 14, 15, 13, 13, 14, 14, 15, 15, 13, 14, 15, 14, 17, 14, 15, 15, 14, 14, 13, 14, 15, 14, 14, 14, 13, 13, 13, 14, 16, 14, 13, 14, 14, 16, 15, 15, 16, 14, 14, 13, 16, 13, 13, 1, 15, 14, 13, 15, 13, 14, 13, 15, 15, 15, 13, 1, 14, 15, 1, 14, 14, 1, 14, 14, 14, 15, 16, 14, 14, 3, 14, 15, 14, 15, 15, 14, 15, 14, 14, 14, 1, 14, 13, 14, 14, 13, 15, 15, 14, 13, 15, 14, 14, 13, 14, 14, 13, 15, 13, 2, 13, 14, 14, 14, 13, 14, 15, 14, 3, 16, 15, 14, 14, 14, 15, 13, 14, 13, 13, 15, 14, 14, 14, 14, 15, 16, 14, 15, 14, 15, 14, 15, 13, 1, 14, 14, 14, 14, 15, 1, 13, 14, 1, 15, 14, 14, 14, 15, 13, 14, 17, 16, 14, 14, 14, 13, 14, 13, 14, 15, 15, 15, 14, 13, 13, 13, 15, 14, 13, 14, 14, 13, 14, 14, 13, 15, 14, 13, 14, 14, 15, 14, 14, 13, 14, 14, 14, 14, 14, 13, 15, 13, 14, 17, 14, 1, 14, 14, 14, 15, 13, 15, 14, 15, 14, 14, 13, 14, 15, 14, 13, 13, 14, 14, 15, 14, 14, 15, 15, 14, 16, 14, 15, 13, 13, 14, 14, 14, 15, 14, 13, 14, 17, 14, 13, 16, 14, 14, 14, 14, 14, 14, 14, 14, 15, 15, 13, 13, 13, 14, 13, 13, 14, 14, 14, 15, 14, 13, 14, 14, 15, 14, 13, 14, 13, 14, 1, 14, 15, 14, 17, 14, 14, 14, 13, 15, 14, 14, 15, 14, 16, 14, 15, 2, 15, 14, 14, 14, 15, 15, 14, 14, 15, 15, 14, 14, 13, 13, 16, 16, 16, 15, 13, 14, 15, 15, 14, 14, 14, 1, 14, 13, 15, 14, 14, 15, 14, 14, 13, 14, 1, 15, 14, 15, 14, 14, 1, 16, 14, 2, 1, 13, 14, 14, 14, 15, 14, 14, 14, 14, 15, 1, 15, 14, 13, 15, 15, 15, 15, 13, 14, 15, 15, 14, 14, 14, 15, 14, 14, 14, 14, 2, 14, 14, 15, 13, 14, 13, 15, 13, 14, 14, 16, 15, 13, 15, 15, 15, 13, 15, 14, 1, 15, 14, 14, 13, 14, 1, 17, 14, 13, 14, 15, 14, 14, 1, 14, 13, 13, 14, 15, 14, 14, 14, 14, 13, 14, 13, 13, 15, 15, 14, 13, 14, 15, 14, 15, 14, 15, 14, 15, 18, 14, 14, 14, 15, 14, 13, 14, 13, 13, 15, 13, 14, 13, 14, 16, 15, 15, 14, 15, 14, 14, 14, 14, 14, 1, 15, 15, 14, 1, 14, 14, 13, 14, 15, 15, 14, 14, 14, 1, 15, 15, 16, 14, 14, 14, 15, 14, 1, 1, 14, 15, 16, 14, 15, 14, 15, 14, 16, 15, 14, 15, 14, 14, 14, 15, 14, 14, 15, 14, 15, 13, 14, 16, 1, 14, 15, 1, 15, 15, 14, 14, 15, 13, 17, 15, 16, 14, 15, 1, 13, 14, 14, 16, 14, 14, 14, 15, 13, 14, 13, 14, 15, 17, 14, 1, 14, 14, 14, 15, 14, 14, 14, 14, 13, 14, 14, 1, 16, 14, 2, 14, 14, 14, 14, 14, 14, 15, 14, 14, 14, 14, 14, 14, 13, 13, 1, 14, 1, 15, 13, 13, 15, 14, 14, 1, 14, 14, 15, 14, 14, 13, 16, 14, 1, 14, 14, 15, 1, 14, 15, 15, 15, 14, 14, 13, 14, 14, 16, 15, 14, 13, 14, 15, 14, 14, 16, 14, 14, 15, 15, 14, 13, 15, 16, 16, 14, 14, 13, 13, 1, 15, 16, 15, 14, 14, 14, 14, 15, 14, 14, 15, 14, 13, 14, 14, 15, 14, 14, 15, 16, 14, 15, 14, 14, 14, 14, 2, 13, 14, 14, 2, 13, 15, 14, 15, 14, 14, 15, 15, 13, 14, 14, 14, 13, 13, 15, 14, 14, 14, 15, 13, 14, 14, 14, 15, 13, 14, 14, 13, 12, 14, 13, 13, 14, 15, 14, 15, 14, 14, 14, 15, 14, 14, 15, 14, 14, 15, 14, 14, 14, 15, 15, 13, 14, 15, 14, 14, 14, 13, 14, 14, 14, 1, 15, 14, 15, 15, 14, 14, 15, 14, 17, 1, 13, 15, 15, 14, 15, 16, 15, 14, 14, 13, 15, 16, 13, 14, 14, 14, 14, 15, 14, 13, 14, 15, 13, 14, 15, 2, 13, 13, 15, 14, 14, 13, 15, 15, 13, 14, 14, 14, 14, 14, 14, 14, 14, 14, 14, 14, 14, 13, 13, 14, 14, 1, 2, 14, 14, 14, 13, 16, 14, 15, 13, 13, 14, 15, 14, 15, 14, 14, 14, 14, 14, 15, 15, 14, 13, 16, 14, 14, 15, 16, 14, 14, 14, 13, 15, 14, 14, 14, 15, 1, 14, 13, 15, 14, 13, 1, 14, 13, 14, 13, 14, 14, 15, 15, 14, 2, 16, 14, 13, 13, 14, 14, 15, 13, 14, 15, 13, 15, 15, 15, 14, 13, 14, 16, 14, 14, 15, 14, 13, 14, 15, 14, 16, 1, 13, 14, 14, 15, 14, 14, 15, 14, 14, 14, 13, 15, 13, 15, 15, 14, 14, 1, 14, 15, 15, 14, 15, 15, 14, 15, 14, 14, 13, 14, 15, 15, 14, 14, 13, 15, 13, 13, 15, 16, 14, 15, 15, 13, 13, 13, 14, 15, 14, 14, 14, 14, 15, 14, 14, 1, 14, 13, 15, 14, 13, 14, 14, 13, 13, 14, 14, 14, 14, 15, 15, 17, 16, 15, 1, 15, 14, 1, 14, 16, 17, 16, 15, 13, 13, 15, 13, 14, 15, 14, 14, 15, 14, 14, 13, 13, 14, 14, 14, 15, 15, 14, 16, 16, 13, 14, 14, 15, 14, 14, 14, 13, 2, 14, 14, 13, 14, 1, 15, 14, 13, 15, 14, 13, 15, 15, 13, 14, 1, 13, 14, 13, 14, 14, 14, 15, 14, 14, 1, 14, 15, 15, 1, 14, 13, 14, 14, 13, 1, 14, 1, 15, 14, 14, 15, 15, 14, 13, 13, 14, 14, 14, 13, 14, 16, 14, 15, 17, 14, 15, 13, 1, 14, 15, 14, 14, 16, 14, 14, 14, 13, 14, 14, 13, 17, 1, 13, 15, 14, 15, 14, 14, 14, 14, 1, 13, 1, 14, 15, 15, 14, 14, 2, 14, 16, 14, 14, 13, 14, 14, 16, 13, 15, 14, 16, 13, 14, 14, 14, 13, 14, 1, 15, 14, 13, 12, 13, 14, 15, 13, 14, 1, 13, 14, 14, 14, 13, 13, 15, 14, 15, 14, 16, 14, 1, 15, 13, 14, 1, 14, 13, 14, 14, 13, 14, 14, 14, 14, 14, 13, 13, 15, 14, 1, 14, 13, 15, 14, 13, 14, 15, 14, 14, 14, 15, 15, 13, 14, 14, 14, 15, 14, 14, 14, 14, 15, 14, 14, 13, 13, 15, 14, 15, 15, 14, 15, 14, 14, 1, 1, 14, 13, 14, 1, 14, 15, 13, 15, 17, 15, 15, 14, 16, 14, 13, 15, 15, 14, 14, 15, 13, 14, 15, 15, 13, 14, 15, 13, 15, 13, 14, 15, 15, 13, 14, 13, 13, 14, 16, 15, 14, 14, 14, 13, 14, 14, 14, 15, 14, 15, 15, 1, 13, 15, 15, 14, 14, 15, 13, 14, 14, 14, 13, 14, 15, 15, 13, 15, 14, 15, 14, 16, 13, 14, 15, 14, 14, 14, 15, 13, 14, 15, 14, 14, 14, 14, 15, 14, 14, 14, 1, 14, 15, 2, 14, 14, 14, 15, 14, 15, 14, 14, 14, 16, 14, 14, 14, 14, 14, 14, 15, 14, 15, 16, 14, 14, 14, 14, 14, 13, 14, 14, 14, 15, 15, 1, 15, 14, 15, 14, 14, 13, 15, 14, 13, 14, 14, 1, 15, 14, 16, 14, 15, 17, 14, 14, 13, 14, 14, 14, 14, 14, 14, 14, 15, 13, 1, 13, 13, 15, 14, 14, 15, 13, 14, 13, 15, 14, 14, 13, 14, 15, 16, 15, 14, 15, 16, 14, 14, 17, 13, 14, 14, 2, 13, 14, 16, 14, 15, 14, 14, 14, 14, 14, 14, 16, 14, 15, 13, 14, 14, 13, 15, 14, 14, 15, 15, 16, 14, 14, 14, 14, 14, 13, 14, 14, 13, 14, 16, 16, 14, 14, 15, 13, 14, 14, 13, 15, 14, 13, 13, 15, 13, 14, 13, 14, 14, 15, 13, 16, 14, 16, 14, 14, 14, 14, 15, 14, 14, 15, 15, 13, 14, 13, 13, 14, 14, 14, 1, 14, 1, 13, 1, 14, 15, 13, 1, 13, 14, 13, 15, 14, 13, 14, 14, 14, 13, 16, 14, 1, 14, 15, 13, 14, 16, 14, 14, 15, 15, 13, 1, 14, 16, 15, 16, 15, 14, 15, 14, 15, 14, 14, 14, 14, 14, 15, 1, 15, 14, 13, 14, 14, 14, 13, 14, 13, 14, 16, 15, 15, 15, 13, 15, 14, 16, 14, 14, 13, 14, 14, 15, 15, 14, 14, 14, 15, 14, 14, 13, 13, 14, 13, 14, 13, 14, 13, 1, 14, 14, 16, 1, 15, 13, 14, 15, 15, 14, 15, 1, 13, 15, 14, 15, 14, 15, 14, 13, 15, 13, 15, 15, 15, 14, 14, 16, 13, 14, 15, 13, 14, 15, 14, 15, 14, 14, 14, 15, 14, 16, 14, 16, 14, 14, 14, 14, 14, 13, 15, 14, 15, 15, 14, 14, 13, 13, 14, 14, 13, 14, 14, 13, 14, 14, 14, 13, 14, 15, 15, 15, 14, 15, 13, 14, 1, 16, 16, 14, 14, 13, 15, 14, 14, 14, 14, 14, 14, 14, 13, 14, 15, 14, 13, 14, 13, 15, 13, 15, 13, 14, 15, 17, 1, 14, 15, 15, 14, 13, 15, 14, 14, 14, 13, 16, 13, 13, 14, 13, 13, 14, 14, 1, 1, 14, 14, 14, 14, 14, 15, 15, 16, 14, 15, 14, 13, 1, 14, 17, 14, 15, 14, 14, 14, 14, 13, 13, 15, 15, 14, 14, 1, 14, 15, 14, 13, 13, 14, 14, 14, 14, 14, 15, 15, 14, 13, 15, 13, 15, 1, 14, 14, 15, 14, 14, 14, 14, 15, 12, 14, 13, 14, 15, 14, 15, 14, 14, 14, 14, 12, 14, 14, 14, 14, 14, 13, 15, 14, 15, 14, 14, 13, 15, 13, 13, 13, 13, 14, 2, 15, 14, 14, 13, 15, 14, 15, 14, 13, 13, 15, 14, 13, 14, 13, 14, 1, 14, 13, 14, 15, 14, 13, 13, 15, 14, 14, 15, 17, 14, 14, 16, 14, 14, 13, 14, 14, 13, 14, 15, 14, 15, 14, 13, 13, 14, 14, 14, 13, 15, 14, 15, 14, 14, 14, 14, 16, 14, 15, 14, 15, 14, 13, 14, 14, 15, 13, 13, 14, 1, 13, 1, 14, 14, 14, 14, 13, 13, 14, 14, 14, 14, 15, 13, 14, 13, 1, 14, 14, 1, 15, 14, 15, 15, 13, 14, 14, 16, 1, 14, 14, 14, 14, 15, 15, 15, 15, 13, 14, 15, 14, 14, 14, 14, 15, 13, 13, 1, 16, 15, 14, 13, 13, 14, 13, 14, 16, 14, 14, 15, 14, 13, 14, 14, 14, 14, 14, 15, 14, 15, 14, 14, 13, 1, 13, 16, 15, 14, 14, 15, 14, 14, 14, 13, 13, 16, 14, 14, 14, 14, 13, 13, 14, 15, 15, 14, 14, 13, 1, 15, 14, 15, 13, 15, 15, 14, 14, 14, 14, 14, 14, 15, 14, 16, 13, 16, 15, 13, 14, 15, 14, 13, 14, 15, 14, 14, 14, 13, 14, 14, 14, 14, 14, 15, 15, 14, 14, 14, 15, 14, 13, 14, 15, 14, 13, 15, 14, 14, 15, 14, 14, 1, 1, 14, 15, 1, 16, 15, 14, 14, 13, 15, 14, 14, 14, 14, 15, 14, 15, 15, 1, 14, 13, 14, 15, 13, 14, 14, 14, 14, 16, 15, 14, 13, 14, 16, 13, 14, 14, 13, 14, 14, 14, 15, 14, 15, 14, 15, 13, 14, 14, 15, 14, 14, 14, 13, 14, 14, 13, 14, 14, 15, 2, 14, 15, 15, 15, 1, 13, 14, 14, 14, 15, 1, 16, 14, 14, 13, 13, 15, 14, 13, 14, 15, 14, 1, 14, 13, 2, 13, 14, 1, 14, 15, 13, 2, 14, 15, 15, 14, 16, 15, 15, 14, 14, 14, 14, 13, 15, 14, 13, 15, 15, 14, 13, 14, 14, 14, 14, 15, 14, 3, 13, 14, 13, 12, 14, 13, 15, 14, 13, 13, 14, 13, 13, 15, 15, 16, 14, 13, 13, 14, 16, 16, 15, 15, 14, 14, 14, 13, 13, 15, 15, 1, 14, 13, 14, 14, 14, 16, 16, 14, 14, 14, 14, 14, 16, 14, 13, 14, 15, 14, 13, 1, 15, 14, 15, 14, 14, 14, 14, 15, 14, 15, 14, 14, 14, 15, 15, 15, 15, 15, 15, 15, 15, 15, 13, 15, 1, 13, 15, 15, 14, 17, 15, 15, 13, 13, 14, 14, 13, 15, 14, 14, 14, 14, 14, 14, 14, 14, 15, 14, 15, 15, 14, 15, 13, 13, 15, 15, 13, 13, 1, 16, 15, 14, 15, 13, 2, 13, 13, 14, 14, 14, 15, 14, 15, 14, 15, 15, 14, 15, 15, 15, 13, 1, 14, 13, 14, 14, 14, 14, 14, 13, 15, 1, 15, 14, 14, 14, 13, 15, 13, 15, 13, 15, 14, 13, 14, 2, 2, 13, 13, 15, 15, 14, 14, 15, 14, 14, 14, 13, 15, 1, 15, 14, 14, 15, 14, 1, 15, 13, 14, 15, 14, 14, 14, 15, 14, 15, 15, 14, 15, 13, 15, 15, 13, 14, 14, 14, 14, 13, 14, 13, 14, 14, 13, 15, 14, 1, 14, 16, 14, 15, 13, 13, 15, 15, 15, 14, 14, 1, 17, 13, 15, 15, 14, 13, 2, 14, 1, 13, 14, 13, 14, 13, 14, 15, 14, 14, 16, 15, 14, 13, 14, 13, 14, 15, 15, 14, 14, 15, 14, 14, 14, 16, 14, 15, 14, 16, 13, 14, 1, 15, 14, 1, 1, 14, 15, 14, 2, 15, 14, 2, 16, 14, 16, 14, 14, 13, 14, 13, 14, 14, 14, 14, 13, 14, 13, 15, 15, 14, 14, 16, 12, 13, 15, 13, 14, 14, 16, 14, 13, 15, 15, 14, 15, 14, 15, 14, 14, 14, 15, 13, 14, 14, 13, 15, 13, 15, 14, 14, 14, 1, 14, 15, 14, 14, 14, 14, 14, 13, 14, 16, 14, 14, 16, 15, 16, 14, 15, 14, 14, 15, 14, 2, 15, 15, 13, 1, 1, 13, 14, 14, 14, 14, 17, 15, 16, 1, 14, 13, 13, 13, 13, 14, 14, 16, 15, 16, 15, 13, 14, 14, 2, 14, 14, 14, 13, 14, 13, 14, 14, 14, 14, 14, 15, 15, 15, 13, 14, 1, 14, 13, 13, 14, 15, 14, 14, 1, 14, 16, 15, 14, 13, 13, 13, 13, 14, 14, 14, 1, 13, 15, 14, 4, 16, 14, 16, 13, 16, 1, 13, 13, 14, 13, 14, 14, 13, 13, 14, 15, 14, 13, 14, 13, 14, 13, 16, 14, 14, 13, 14, 15, 14, 13, 14, 1, 14, 15, 14, 15, 14, 14, 14, 14, 15, 1, 13, 13, 14, 13, 13, 13, 14, 14, 14, 1, 14, 14, 13, 14, 14, 14, 2, 13, 17, 15, 15, 15, 14, 15, 14, 14, 15, 15, 14, 1, 14, 1, 14, 16, 13, 15, 14, 15, 14, 14, 15, 15, 15, 13, 14, 15, 13, 14, 14, 14, 13, 14, 14, 14, 14, 14, 14, 13, 15, 14, 14, 13, 14, 13, 15, 14, 15, 13, 14, 15, 13, 15, 14, 13, 15, 13, 14, 13, 13, 14, 14, 14, 16, 15, 14, 15, 14, 13, 14, 3, 15, 15, 15, 17, 14, 15, 14, 14, 16, 13, 1, 15, 15, 1, 15, 14, 14, 15, 14, 14, 17, 14, 14, 14, 14, 14, 1, 14, 13, 14, 14, 15, 15, 13, 14, 13, 14, 14, 14, 14, 14, 13, 14, 14, 14, 14, 15, 14, 13, 14, 14, 14, 14, 14, 13, 15, 14, 13, 13, 13, 14, 16, 13, 15, 14, 14, 1, 14, 15, 14, 15, 14, 14, 13, 15, 13, 13, 1, 14, 14, 14, 13, 14, 14, 17, 13, 15, 14, 2, 14, 14, 15, 14, 13, 14, 15, 15, 13, 16, 14, 14, 14, 13, 13, 14, 15, 14, 14, 15, 15, 15, 14, 13, 15, 14, 13, 15, 1, 13, 15, 14, 15, 14, 14, 14, 14, 14, 14, 14, 14, 14, 14, 13, 14, 15, 15, 13, 14, 13, 17, 15, 14, 16, 15, 15, 14, 15, 16, 14, 14, 15, 16, 13, 14, 14, 14, 13, 14, 14, 14, 15, 14, 15, 14, 14, 14, 13, 1, 16, 15, 15, 14]
Longest shortest Path Average: 13.421151832460733
Longest Shortest Path Variance: 9.949542128779365
Clustering Coefficients: [0, 0, 0, 0, 0, 0, 0, 0, 0, 0, 0, 0, 0, 0, 0, 0, 0, 0, 0, 0, 0, 0, 0, 0, 0, 0, 0, 0, 0, 0, 0, 0, 0, 0, 0, 0, 0, 0, 0, 0, 0, 0, 0, 0, 0, 0, 0, 0, 0, 0, 0, 0, 0, 0, 0, 0, 0, 0, 0, 0, 0, 0, 0, 0, 0, 0, 0, 0, 0, 0, 0, 0, 0, 0, 0, 0, 0, 0, 0, 0, 0, 0, 0, 0, 0, 0, 0, 0, 0, 0, 0, 0, 0, 0, 0, 0, 0, 0, 0, 0, 0, 0, 0, 0, 0, 0, 0, 0, 0, 0, 0, 0, 0, 0, 0, 0, 0, 0, 0, 0, 0, 0, 0, 0, 0, 0, 0, 0, 0, 0, 0, 0, 0, 0, 0, 0, 0, 0, 0, 0, 0, 0, 0, 0, 0, 0, 0, 0, 0, 0, 0, 0, 0, 0, 0, 0, 0, 0, 0, 0, 0, 0, 0, 0, 0, 0, 0, 0, 0, 0, 0, 0, 0, 0, 0, 0, 0, 0, 0, 0, 0, 0, 0, 0, 0, 0, 0, 0, 0, 0, 0, 0, 0, 0, 0, 0, 0, 0, 0, 0, 0, 0, 0, 0, 0, 0, 0, 0, 0, 0, 0, 0, 0, 0, 0, 0, 0, 0, 0, 0, 0, 0, 0, 0, 0, 0, 0, 0, 0, 0, 0, 0, 0, 0, 0, 0, 0, 0, 0, 0, 0, 0, 0, 0, 0, 0, 0, 0, 0, 0, 0, 0, 0, 0, 0, 0, 0, 0, 0, 0, 0, 0, 0, 0, 0, 0, 0, 0, 0, 0, 0, 0, 0, 0, 0, 0, 0, 0, 0, 0, 0, 0, 0, 0, 0, 0, 0, 0, 0, 0, 0, 0, 0, 0, 0, 0, 0, 0, 0, 0, 0, 0, 0, 0, 0, 0, 0, 0, 0, 0, 0, 0, 0, 0, 0, 0, 0, 0, 0, 0, 0, 0, 0, 0, 0, 0, 0, 0, 0, 0, 0, 0, 0, 0, 0, 0, 0, 0, 0, 0, 0, 0, 0, 0, 0, 0, 0, 0, 0, 0, 0, 0, 0, 0, 0, 0, 0, 0, 0, 0, 0, 0, 0, 0, 0, 0, 0, 0, 0, 0, 0, 0, 0, 0, 0, 0, 0, 0, 0, 0, 0, 0, 0, 0, 0, 0, 0, 0, 0, 0, 0, 0, 0, 0, 0, 0, 0, 0, 0, 0, 0, 0, 0, 0, 0, 0, 0, 0, 0, 0, 0, 0, 0, 0, 0, 0, 0, 0, 0, 0, 0, 0, 0, 0, 0, 0, 0, 0, 0, 0, 0, 0, 0, 0, 0, 0, 0, 0, 0, 0, 0, 0, 0, 0, 0, 0, 0, 0, 0, 0, 0, 0, 0, 0, 0, 0, 0, 0, 0, 0, 0, 0, 0, 0, 0, 0, 0, 0, 0, 0, 0, 0, 0, 0, 0, 0, 0, 0, 0, 0, 0, 0, 0, 0, 0, 0, 0, 0, 0, 0, 0, 0, 0, 0, 0, 0, 0, 0, 0, 0, 0, 0, 0, 0, 0, 0, 0, 0, 0, 0, 0, 0, 0, 0, 0, 0, 0, 0, 0, 0, 0, 0, 0, 0, 0, 0, 0, 0, 0, 0, 0, 0, 0, 0, 0, 0, 0, 0, 0, 0, 0, 0, 0, 0, 0, 0, 0, 0, 0, 0, 0, 0, 0, 0, 0, 0, 0, 0, 0, 0, 0, 0, 0, 0, 0, 0, 0, 0, 0, 0, 0, 0, 0, 0, 0, 0, 0, 0, 0, 0, 0, 0, 0, 0, 0, 0, 0, 0, 0, 0, 0, 0, 0, 0, 0, 0, 0, 0, 0, 0, 0, 0, 0, 0, 0, 0, 0, 0, 0, 0, 0, 0, 0, 0, 0, 0, 0, 0, 0, 0, 0, 0, 0, 0, 0, 0, 0, 0, 0, 0, 0, 0, 0, 0, 0, 0, 0, 0, 0, 0, 0, 0, 0, 0, 0, 0, 0, 0, 0, 0, 0, 0, 0, 0, 0, 0, 0, 0, 0, 0, 0, 0, 0, 0, 0, 0, 0, 0, 0, 0, 0, 0, 0, 0, 0, 0, 0, 0, 0, 0, 0, 0, 0, 0, 0, 0, 0, 0, 0, 0, 0, 0, 0, 0, 0, 0, 0, 0, 0, 0, 0, 0, 0, 0, 0, 0, 0, 0, 0, 0, 0, 0, 0, 0, 0, 0, 0, 0, 0, 0, 0, 0, 0, 0, 0, 0, 0, 0, 0, 0, 0, 0, 0, 0, 0, 0, 0, 0, 0, 0, 0, 0, 0, 0, 0, 0, 0, 0, 0, 0, 0, 0, 0, 0, 0, 0, 0, 0, 0, 0, 0, 0, 0, 0, 0, 0, 0, 0, 0, 0, 0, 0, 0, 0, 0, 0, 0, 0, 0, 0, 0, 0, 0, 0, 0, 0, 0, 0, 0, 0, 0, 0, 0, 0, 0, 0, 0, 0, 0, 0, 0, 0, 0, 0, 0, 0, 0, 0, 0, 0, 0, 0, 0, 0, 0, 0, 0, 0, 0, 0, 0, 0, 0, 0, 0, 0, 0, 0, 0, 0, 0, 0, 0, 0, 0, 0, 0, 0, 0, 0, 0, 0, 0, 0, 0, 0, 0, 0, 0, 0, 0, 0, 0, 0, 0, 0, 0, 0, 0, 0, 0, 0, 0, 0, 0, 0, 0, 0, 0, 0, 0, 0, 0, 0, 0, 0, 0, 0, 0, 0, 0, 0, 0, 0, 0, 0, 0, 0, 0, 0, 0, 0, 0, 0, 0, 0, 0, 0, 0, 0, 0, 0, 0, 0, 0, 0, 0, 0, 0, 0, 0, 0, 0, 0, 0, 0, 0, 0, 0, 0, 0, 0, 0, 0, 0, 0, 0, 0, 0, 0, 0, 0, 0, 0, 0, 0, 0, 0, 0, 0, 0, 0, 0, 0, 0, 0, 0, 0, 0, 0, 0, 0, 0, 0, 0, 0, 0, 0, 0, 0, 0, 0, 0, 0, 0, 0, 0, 0, 0, 0, 0, 0, 0, 0, 0, 0, 0, 0, 0, 0, 0, 0, 0, 0, 0, 0, 0, 0, 0, 0, 0, 0, 0, 0, 0, 0, 0, 0, 0, 0, 0, 0, 0, 0, 0, 0, 0, 0, 0, 0, 0, 0, 0, 0, 0, 0, 0, 0, 0, 0, 0, 0, 0, 0, 0, 0, 0, 0, 0, 0, 0, 0, 0, 0, 0, 0, 0, 0, 0, 0, 0, 0, 0, 0, 0, 0, 0, 0, 0, 0, 0, 0, 0, 0, 0, 0, 0, 0, 0, 0, 0, 0, 0, 0, 0, 0, 0, 0, 0, 0, 0, 0, 0, 0, 0, 0, 0, 0, 0, 0, 0, 0, 0, 0, 0, 0, 0, 0, 0, 0, 0, 0, 0, 0, 0, 0, 0, 0, 0, 0, 0, 0, 0, 0, 0, 0, 0, 0, 0, 0, 0, 0, 0, 0, 0, 0, 0, 0, 0, 0, 0, 0, 0, 0, 0, 0, 0, 0, 0, 0, 0, 0, 0, 0, 0, 0, 0, 0, 0, 0, 0, 0, 0, 0, 0, 0, 0, 0, 0, 0, 0, 0, 0, 0, 0, 0, 0, 0, 0, 0, 0, 0, 0, 0, 0, 0, 0, 0, 0, 0, 0, 0, 0, 0, 0, 0, 0, 0, 0, 0, 0, 0, 0, 0, 0, 0, 0, 0, 0, 0, 0, 0, 0, 0, 0, 0, 0, 0, 0, 0, 0, 0, 0, 0, 0, 0, 0, 0, 0, 0, 0, 0, 0, 0, 0, 0, 0, 0, 0, 0, 0, 0, 0, 0, 0, 0, 0, 0, 0, 0, 0, 0, 0, 0, 0, 0, 0, 0, 0, 0, 0, 0, 0, 0, 0, 0, 0, 0, 0, 0, 0, 0, 0, 0, 0, 0, 0, 0, 0, 0, 0, 0, 0, 0, 0, 0, 0, 0, 0, 0, 0, 0, 0, 0, 0, 0, 0, 0, 0, 0, 0, 0, 0, 0, 0, 0, 0, 0, 0, 0, 0, 0, 0, 0, 0, 0, 0, 0, 0, 0, 0, 0, 0, 0, 0, 0, 0, 0, 0, 0, 0, 0, 0, 0, 0, 0, 0, 0, 0, 0, 0, 0, 0, 0, 0, 0, 0, 0, 0, 0, 0, 0, 0, 0, 0, 0, 0, 0, 0, 0, 0, 0, 0, 0, 0, 0, 0, 0, 0, 0, 0, 0, 0, 0, 0, 0, 0, 0, 0, 0, 0, 0, 0, 0, 0, 0, 0, 0, 0, 0, 0, 0, 0, 0, 0, 0, 0, 0, 0, 0, 0, 0, 0, 0, 0, 0, 0, 0, 0, 0, 0, 0, 0, 0, 0, 0, 0, 0, 0, 0, 0, 0, 0, 0, 0, 0, 0, 0, 0, 0, 0, 0, 0, 0, 0, 0, 0, 0, 0, 0, 0, 0, 0, 0, 0, 0, 0, 0, 0, 0, 0, 0, 0, 0, 0, 0, 0, 0, 0, 0, 0, 0, 0, 0, 0, 0, 0, 0, 0, 0, 0, 0, 0, 0, 0, 0, 0, 0, 0, 0, 0, 0, 0, 0, 0, 0, 0, 0, 0, 0, 0, 0, 0, 0, 0, 0, 0, 0, 0, 0, 0, 0, 0, 0, 0, 0, 0, 0, 0, 0, 0, 0, 0, 0, 0, 0, 0, 0, 0, 0, 0, 0, 0, 0, 0, 0, 0, 0, 0, 0, 0, 0, 0, 0, 0, 0, 0, 0, 0, 0, 0, 0, 0, 0, 0, 0, 0, 0, 0, 0, 0, 0, 0, 0, 0, 0, 0, 0, 0, 0, 0, 0, 0, 0, 0, 0, 0, 0, 0, 0, 0, 0, 0, 0, 0, 0, 0, 0, 0, 0, 0, 0, 0, 0, 0, 0, 0, 0, 0, 0, 0, 0, 0, 0, 0, 0, 0, 0, 0, 0, 0, 0, 0, 0, 0, 0, 0, 0, 0, 0, 0, 0, 0, 0, 0, 0, 0, 0, 0, 0, 0, 0, 0, 0, 0, 0, 0, 0, 0, 0, 0, 0, 0, 0, 0, 0, 0, 0, 0, 0, 0, 0, 0, 0, 0, 0, 0, 0, 0, 0, 0, 0, 0, 0, 0, 0, 0, 0, 0, 0, 0, 0, 0, 0, 0, 0, 0, 0, 0, 0, 0, 0, 0, 0, 0, 0, 0, 0, 0, 0, 0, 0, 0, 0, 0, 0, 0, 0, 0, 0, 0, 0, 0, 0, 0, 0, 0, 0, 0, 0, 0, 0, 0, 0, 0, 0, 0, 0, 0, 0, 0, 0, 0, 0, 0, 0, 0, 0, 0, 0, 0, 0, 0, 0, 0, 0, 0, 0, 0, 0, 0, 0, 0, 0, 0, 0, 0, 0, 0, 0, 0, 0, 0, 0, 0, 0, 0, 0, 0, 0, 0, 0, 0, 0, 0, 0, 0, 0, 0, 0, 0, 0, 0, 0, 0, 0, 0, 0, 0, 0, 0, 0, 0, 0, 0, 0, 0, 0, 0, 0, 0, 0, 0, 0, 0, 0, 0, 0, 0, 0, 0, 0, 0, 0, 0, 0, 0, 0, 0, 0, 0, 0, 0, 0, 0, 0, 0, 0, 0, 0, 0, 0, 0, 0, 0, 0, 0, 0, 0, 0, 0, 0, 0, 0, 0, 0, 0, 0, 0, 0, 0, 0, 0, 0, 0, 0, 0, 0, 0, 0, 0, 0, 0, 0, 0, 0, 0, 0, 0, 0, 0, 0, 0, 0, 0, 0, 0, 0, 0, 0, 0, 0, 0, 0, 0, 0, 0, 0, 0, 0, 0, 0, 0, 0, 0, 0, 0, 0, 0, 0, 0, 0, 0, 0, 0, 0, 0, 0, 0, 0, 0, 0, 0, 0, 0, 0, 0, 0, 0, 0, 0, 0, 0, 0, 0, 0, 0, 0, 0, 0, 0, 0, 0, 0, 0, 0, 0, 0, 0, 0, 0, 0, 0, 0, 0, 0, 0, 0, 0, 0, 0, 0, 0, 0, 0, 0, 0, 0, 0, 0, 0, 0, 0, 0, 0, 0, 0, 0, 0, 0, 0, 0, 0, 0, 0, 0, 0, 0, 0, 0, 0, 0, 0, 0, 0, 0, 0, 0, 0, 0, 0, 0, 0, 0, 0, 0, 0, 0, 0, 0, 0, 0, 0, 0, 0, 0, 0, 0, 0, 0, 0, 0, 0, 0, 0, 0, 0, 0, 0, 0, 0, 0, 0, 0, 0, 0, 0, 0, 0, 0, 0, 0, 0, 0, 0, 0, 0, 0, 0, 0, 0, 0, 0, 0, 0, 0, 0, 0, 0, 0, 0, 0, 0, 0, 0, 0, 0, 0, 0, 0, 0, 0, 0, 0, 0, 0, 0, 0, 0, 0, 0, 0, 0, 0, 0, 0, 0, 0, 0, 0, 0, 0, 0, 0, 0, 0, 0, 0, 0, 0, 0, 0, 0, 0, 0, 0, 0, 0, 0, 0, 0, 0, 0, 0, 0, 0, 0, 0, 0, 0, 0, 0, 0, 0, 0, 0, 0, 0, 0, 0, 0, 0, 0, 0, 0, 0, 0, 0, 0, 0, 0, 0, 0, 0, 0, 0, 0, 0, 0, 0, 0, 0, 0, 0, 0, 0, 0, 0, 0, 0, 0, 0, 0, 0, 0, 0, 0, 0, 0, 0, 0, 0, 0, 0, 0, 0, 0, 0, 0, 0, 0, 0, 0, 0, 0, 0, 0, 0, 0, 0, 0, 0, 0, 0, 0, 0, 0, 0, 0, 0, 0, 0, 0, 0, 0, 0, 0, 0, 0, 0, 0, 0, 0, 0, 0, 0, 0, 0, 0, 0, 0, 0, 0, 0, 0, 0, 0, 0, 0, 0, 0, 0, 0, 0, 0, 0, 0, 0, 0, 0, 0, 0, 0, 0, 0, 0, 0, 0, 0, 0, 0, 0, 0, 0, 0, 0, 0, 0, 0, 0, 0, 0, 0, 0, 0, 0, 0, 0, 0, 0, 0, 0, 0, 0, 0, 0, 0, 0, 0, 0, 0, 0, 0, 0, 0, 0, 0, 0, 0, 0, 0, 0, 0, 0, 0, 0, 0, 0, 0, 0, 0, 0, 0, 0, 0, 0, 0, 0, 0, 0, 0, 0, 0, 0, 0, 0, 0, 0, 0, 0, 0, 0, 0, 0, 0, 0, 0, 0, 0, 0, 0, 0, 0, 0, 0, 0, 0, 0, 0, 0, 0, 0, 0, 0, 0, 0, 0, 0, 0, 0, 0, 0, 0, 0, 0, 0, 0, 0, 0, 0, 0, 0, 0, 0, 0, 0, 0, 0, 0, 0, 0, 0, 0, 0, 0, 0, 0, 0, 0, 0, 0, 0, 0, 0, 0, 0, 0, 0, 0, 0, 0, 0, 0, 0, 0, 0, 0, 0, 0, 0, 0, 0, 0, 0, 0, 0, 0, 0, 0, 0, 0, 0, 0, 0, 0, 0, 0, 0, 0, 0, 0, 0, 0, 0, 0, 0, 0, 0, 0, 0, 0, 0, 0, 0, 0, 0, 0, 0, 0, 0, 0, 0, 0, 0, 0, 0, 0, 0, 0, 0, 0, 0, 0, 0, 0, 0, 0, 0, 0, 0, 0, 0, 0, 0, 0, 0, 0, 0, 0, 0, 0, 0, 0, 0, 0, 0, 0, 0, 0, 0, 0, 0, 0, 0, 0, 0, 0, 0, 0, 0, 0, 0, 0, 0, 0, 0, 0, 0, 0, 0, 0, 0, 0, 0, 0, 0, 0, 0, 0, 0, 0, 0, 0, 0, 0, 0, 0, 0, 0, 0, 0, 0, 0, 0, 0, 0, 0, 0, 0, 0, 0, 0, 0, 0, 0, 0, 0, 0, 0, 0, 0, 0, 0, 0, 0, 0, 0, 0, 0, 0, 0, 0, 0, 0, 0, 0, 0, 0, 0, 0, 0, 0, 0, 0, 0, 0, 0, 0, 0, 0, 0, 0, 0, 0, 0, 0, 0, 0, 0, 0, 0, 0, 0, 0, 0, 0, 0, 0, 0, 0, 0, 0, 0, 0, 0, 0, 0, 0, 0, 0, 0, 0, 0, 0, 0, 0, 0, 0, 0, 0, 0, 0, 0, 0, 0, 0, 0, 0, 0, 0, 0, 0, 0, 0, 0, 0, 0, 0, 0, 0, 0, 0, 0, 0, 0, 0, 0, 0, 0, 0, 0, 0, 0, 0, 0, 0, 0, 0, 0, 0, 0, 0, 0, 0, 0, 0, 0, 0, 0, 0, 0, 0, 0, 0, 0, 0, 0, 0, 0, 0, 0, 0, 0, 0, 0, 0, 0, 0, 0, 0, 0, 0, 0, 0, 0, 0, 0, 0, 0, 0, 0, 0, 0, 0, 0, 0, 0, 0, 0, 0, 0, 0, 0, 0, 0, 0, 0, 0, 0, 0, 0, 0, 0, 0, 0, 0, 0, 0, 0, 0, 0, 0, 0, 0, 0, 0, 0, 0, 0, 0, 0, 0, 0, 0, 0, 0, 0, 0, 0, 0, 0, 0, 0, 0, 0, 0, 0, 0, 0, 0, 0, 0, 0, 0, 0, 0, 0, 0, 0, 0, 0, 0, 0, 0, 0, 0, 0, 0, 0, 0, 0, 0, 0, 0, 0, 0, 0, 0, 0, 0, 0, 0, 0, 0, 0, 0, 0, 0, 0, 0, 0, 0, 0, 0, 0, 0, 0, 0, 0, 0, 0, 0, 0, 0, 0, 0, 0, 0, 0, 0, 0, 0, 0, 0, 0, 0, 0, 0, 0, 0, 0, 0, 0, 0, 0, 0, 0, 0, 0, 0, 0, 0, 0, 0, 0, 0, 0, 0, 0, 0, 0, 0, 0, 0, 0, 0, 0, 0, 0, 0, 0, 0, 0, 0, 0, 0, 0, 0, 0, 0, 0, 0, 0, 0, 0, 0, 0, 0, 0, 0, 0, 0, 0, 0, 0, 0, 0, 0, 0, 0, 0, 0, 0, 0, 0, 0, 0, 0, 0, 0, 0, 0, 0, 0, 0, 0, 0, 0, 0, 0, 0, 0, 0, 0, 0, 0, 0, 0, 0, 0, 0, 0, 0, 0, 0, 0, 0, 0, 0, 0, 0, 0, 0, 0, 0, 0, 0, 0, 0, 0, 0, 0, 0, 0, 0, 0, 0, 0, 0, 0, 0, 0, 0, 0, 0, 0, 0, 0, 0, 0, 0, 0, 0, 0, 0, 0, 0, 0, 0, 0, 0, 0, 0, 0, 0, 0, 0, 0, 0, 0, 0, 0, 0, 0, 0, 0, 0, 0, 0, 0, 0, 0, 0, 0, 0, 0, 0, 0, 0, 0, 0, 0, 0, 0, 0, 0, 0, 0, 0, 0, 0, 0, 0, 0, 0, 0, 0, 0, 0, 0, 0, 0, 0, 0, 0, 0, 0, 0, 0, 0, 0, 0, 0, 0, 0, 0, 0, 0, 0, 0, 0, 0, 0, 0, 0, 0, 0, 0, 0, 0, 0, 0, 0, 0, 0, 0, 0, 0, 0, 0, 0, 0, 0, 0, 0, 0, 0, 0, 0, 0, 0, 0, 0, 0, 0, 0, 0, 0, 0, 0, 0, 0, 0, 0, 0, 0, 0, 0, 0, 0, 0, 0, 0, 0, 0, 0, 0, 0, 0, 0, 0, 0, 0, 0, 0, 0, 0, 0, 0, 0, 0, 0, 0, 0, 0, 0, 0, 0, 0, 0, 0, 0, 0, 0, 0, 0, 0, 0, 0, 0, 0, 0, 0, 0, 0, 0, 0, 0, 0, 0, 0, 0, 0, 0, 0, 0, 0, 0, 0, 0, 0, 0, 0, 0, 0, 0, 0, 0, 0, 0, 0, 0, 0, 0, 0, 0, 0, 0, 0, 0, 0, 0, 0, 0, 0, 0, 0, 0, 0, 0, 0, 0, 0, 0, 0, 0, 0, 0, 0, 0, 0, 0, 0, 0, 0, 0, 0, 0, 0, 0, 0, 0, 0, 0, 0, 0, 0, 0, 0, 0, 0, 0, 0, 0, 0, 0, 0, 0, 0, 0, 0, 0, 0, 0, 0, 0, 0, 0, 0, 0, 0, 0, 0, 0, 0, 0, 0, 0, 0, 0, 0, 0, 0, 0, 0, 0, 0, 0, 0, 0, 0, 0, 0, 0, 0, 0, 0, 0, 0, 0, 0, 0, 0, 0, 0, 0, 0, 0, 0, 0, 0, 0, 0, 0, 0, 0, 0, 0, 0, 0, 0, 0, 0, 0, 0, 0, 0, 0, 0, 0, 0, 0, 0, 0, 0, 0, 0, 0, 0, 0, 0, 0, 0, 0, 0, 0, 0, 0, 0, 0, 0, 0, 0, 0, 0, 0, 0, 0, 0, 0, 0, 0, 0, 0, 0, 0, 0, 0, 0, 0, 0, 0, 0, 0, 0, 0, 0, 0, 0, 0, 0, 0, 0, 0, 0, 0, 0, 0, 0, 0, 0, 0, 0, 0, 0, 0, 0, 0, 0, 0, 0, 0, 0, 0, 0, 0, 0, 0, 0, 0, 0, 0, 0, 0, 0, 0, 0, 0, 0, 0, 0, 0, 0, 0, 0, 0, 0, 0, 0, 0, 0, 0, 0, 0, 0, 0, 0, 0, 0, 0, 0, 0, 0, 0, 0, 0, 0, 0, 0, 0, 0, 0, 0, 0, 0, 0, 0, 0, 0, 0, 0, 0, 0, 0, 0, 0, 0, 0, 0, 0, 0, 0, 0, 0, 0, 0, 0, 0, 0, 0, 0, 0, 0, 0, 0, 0, 0, 0, 0, 0, 0, 0, 0, 0, 0, 0, 0, 0, 0, 0, 0, 0, 0, 0, 0, 0, 0, 0, 0, 0, 0, 0, 0, 0, 0, 0, 0, 0, 0, 0, 0, 0, 0, 0, 0, 0, 0, 0, 0, 0, 0, 0, 0, 0, 0, 0, 0, 0, 0, 0, 0, 0, 0, 0, 0, 0, 0, 0, 0, 0, 0, 0, 0, 0, 0, 0, 0, 0, 0, 0, 0, 0, 0, 0, 0, 0, 0, 0, 0, 0, 0, 0, 0, 0, 0, 0, 0, 0, 0, 0, 0, 0, 0, 0, 0, 0, 0, 0, 0, 0, 0, 0, 0, 0, 0, 0, 0, 0, 0, 0, 0, 0, 0, 0, 0, 0, 0, 0, 0, 0, 0, 0, 0, 0, 0, 0, 0, 0, 0, 0, 0, 0, 0, 0, 0, 0, 0, 0, 0, 0, 0, 0, 0, 0, 0, 0, 0, 0, 0, 0, 0, 0, 0, 0, 0, 0, 0, 0, 0, 0, 0, 0, 0, 0, 0, 0, 0, 0, 0, 0, 0, 0, 0, 0, 0, 0, 0, 0, 0, 0, 0, 0, 0, 0, 0, 0, 0, 0, 0, 0, 0, 0, 0, 0, 0, 0, 0, 0, 0, 0, 0, 0, 0, 0, 0, 0, 0, 0, 0, 0, 0, 0, 0, 0, 0, 0, 0, 0, 0, 0, 0, 0, 0, 0, 0, 0, 0, 0, 0, 0, 0, 0, 0, 0, 0, 0, 0, 0, 0, 0, 0, 0, 0, 0, 0, 0, 0, 0, 0, 0, 0, 0, 0, 0, 0, 0, 0, 0, 0, 0, 0, 0, 0, 0, 0, 0, 0, 0, 0, 0, 0, 0, 0, 0, 0, 0, 0, 0, 0, 0, 0, 0, 0, 0, 0, 0, 0, 0, 0, 0, 0, 0, 0, 0, 0, 0, 0, 0, 0, 0, 0, 0, 0, 0, 0, 0, 0, 0, 0, 0, 0, 0, 0, 0, 0, 0, 0, 0, 0, 0, 0, 0, 0, 0, 0, 0, 0, 0, 0, 0, 0, 0, 0, 0, 0, 0, 0, 0, 0, 0, 0, 0, 0, 0, 0, 0, 0, 0, 0, 0, 0, 0, 0, 0, 0, 0, 0, 0, 0, 0, 0, 0, 0, 0, 0, 0, 0, 0, 0, 0, 0, 0, 0, 0, 0, 0, 0, 0, 0, 0, 0, 0, 0, 0, 0, 0, 0, 0, 0, 0, 0, 0, 0, 0, 0, 0, 0, 0, 0, 0, 0, 0, 0, 0, 0, 0, 0, 0, 0, 0, 0, 0, 0, 0, 0, 0, 0, 0, 0, 0, 0, 0, 0, 0, 0, 0, 0, 0, 0, 0, 0, 0, 0, 0, 0, 0, 0, 0, 0, 0, 0, 0, 0, 0, 0, 0, 0, 0, 0, 0, 0, 0, 0, 0, 0, 0, 0, 0, 0, 0, 0, 0, 0, 0, 0, 0, 0, 0, 0, 0, 0, 0, 0, 0, 0, 0, 0, 0, 0, 0, 0, 0, 0, 0, 0, 0, 0, 0, 0, 0, 0, 0, 0, 0, 0, 0, 0, 0, 0, 0, 0, 0, 0, 0, 0, 0, 0, 0, 0, 0, 0, 0, 0, 0, 0, 0, 0, 0, 0, 0, 0, 0, 0, 0, 0, 0, 0, 0, 0, 0, 0, 0, 0, 0, 0, 0, 0, 0, 0, 0, 0, 0, 0, 0, 0, 0, 0, 0, 0, 0, 0, 0, 0, 0, 0, 0, 0, 0, 0, 0, 0, 0, 0, 0, 0, 0, 0, 0, 0, 0, 0, 0, 0, 0, 0, 0, 0, 0, 0, 0, 0, 0, 0, 0, 0, 0, 0, 0, 0, 0, 0, 0, 0, 0, 0, 0, 0, 0, 0, 0, 0, 0, 0, 0, 0, 0, 0, 0, 0, 0, 0, 0, 0, 0, 0, 0, 0, 0, 0, 0, 0, 0, 0, 0, 0, 0, 0, 0, 0, 0, 0, 0, 0, 0, 0, 0, 0, 0, 0, 0, 0, 0, 0, 0, 0, 0, 0, 0, 0, 0, 0, 0, 0, 0, 0, 0, 0, 0, 0, 0, 0, 0, 0, 0, 0, 0, 0, 0, 0, 0, 0, 0, 0, 0, 0, 0, 0, 0, 0, 0, 0, 0, 0, 0, 0, 0, 0, 0, 0, 0, 0, 0, 0, 0, 0, 0, 0, 0, 0, 0, 0, 0, 0, 0, 0, 0, 0, 0, 0, 0, 0, 0, 0, 0, 0, 0, 0, 0, 0, 0, 0, 0, 0, 0, 0, 0, 0, 0, 0, 0, 0, 0, 0, 0, 0, 0, 0, 0, 0, 0, 0, 0, 0, 0, 0, 0, 0, 0, 0, 0, 0, 0, 0, 0, 0, 0, 0, 0, 0, 0, 0, 0, 0, 0, 0, 0, 0, 0, 0, 0, 0, 0, 0, 0, 0, 0, 0, 0, 0, 0, 0, 0, 0, 0, 0, 0, 0, 0, 0, 0, 0, 0, 0, 0, 0, 0, 0, 0, 0, 0, 0, 0, 0, 0, 0, 0, 0, 0, 0, 0, 0, 0, 0, 0, 0, 0, 0, 0, 0, 0, 0, 0, 0, 0, 0, 0, 0, 0, 0, 0, 0, 0, 0, 0, 0, 0, 0, 0, 0, 0, 0, 0, 0, 0, 0, 0, 0, 0, 0, 0, 0, 0, 0, 0, 0, 0, 0, 0, 0, 0, 0, 0, 0, 0, 0, 0, 0, 0, 0, 0, 0, 0, 0.1, 0, 0, 0, 0, 0, 0, 0, 0, 0, 0, 0, 0, 0, 0, 0, 0, 0, 0, 0, 0, 0, 0, 0, 0, 0, 0, 0, 0, 0, 0, 0, 0, 0, 0, 0, 0, 0, 0, 0, 0, 0, 0, 0, 0, 0, 0, 0, 0, 0, 0, 0, 0, 0, 0, 0, 0, 0, 0, 0, 0, 0, 0, 0, 0, 0, 0, 0, 0, 0, 0, 0, 0, 0, 0, 0, 0, 0, 0, 0, 0, 0, 0, 0, 0, 0, 0, 0, 0, 0, 0, 0, 0, 0, 0, 0, 0, 0, 0, 0, 0, 0, 0, 0, 0, 0, 0, 0, 0, 0, 0, 0, 0, 0, 0, 0, 0, 0, 0, 0, 0, 0, 0, 0, 0, 0, 0, 0, 0, 0, 0, 0, 0, 0, 0, 0, 0, 0, 0, 0, 0, 0, 0, 0, 0, 0, 0, 0, 0, 0, 0, 0, 0, 0, 0, 0, 0, 0, 0, 0, 0, 0, 0, 0, 0, 0, 0, 0, 0, 0, 0, 0, 0, 0, 0, 0, 0, 0, 0, 0, 0, 0, 0, 0, 0, 0, 0, 0, 0, 0, 0, 0, 0, 0, 0, 0, 0, 0, 0, 0, 0, 0, 0, 0, 0, 0, 0, 0, 0, 0, 0, 0, 0, 0, 0, 0, 0, 0, 0, 0, 0, 0, 0, 0, 0, 0, 0, 0, 0, 0, 0, 0, 0, 0, 0, 0, 0, 0, 0, 0, 0, 0, 0, 0, 0, 0, 0, 0, 0, 0, 0, 0, 0, 0, 0, 0, 0, 0, 0, 0, 0, 0, 0, 0, 0, 0, 0, 0, 0, 0, 0, 0, 0, 0, 0, 0, 0, 0, 0, 0, 0, 0, 0, 0, 0, 0, 0, 0, 0, 0, 0, 0, 0, 0, 0, 0, 0, 0, 0, 0, 0, 0, 0, 0, 0, 0, 0, 0, 0, 0, 0, 0, 0, 0, 0, 0, 0, 0, 0, 0, 0, 0, 0, 0, 0, 0, 0, 0, 0, 0, 0, 0, 0, 0, 0, 0, 0, 0, 0, 0, 0, 0, 0, 0, 0, 0, 0, 0, 0, 0, 0, 0, 0, 0, 0, 0, 0, 0, 0, 0, 0, 0, 0, 0, 0, 0, 0, 0, 0, 0, 0, 0, 0, 0, 0, 0, 0, 0, 0, 0, 0, 0, 0, 0, 0, 0, 0, 0, 0, 0, 0, 0, 0, 0, 0, 0, 0, 0, 0, 0, 0, 0, 0, 0, 0, 0, 0, 0, 0, 0, 0, 0, 0, 0, 0, 0, 0, 0, 0, 0, 0, 0, 0, 0, 0, 0, 0, 0, 0, 0, 0, 0, 0, 0, 0, 0, 0, 0, 0, 0, 0, 0, 0, 0, 0, 0, 0, 0, 0, 0, 0, 0, 0, 0, 0, 0, 0, 0, 0, 0, 0, 0, 0, 0, 0, 0, 0, 0, 0, 0, 0, 0, 0, 0, 0, 0, 0, 0, 0, 0, 0, 0, 0, 0, 0, 0, 0, 0, 0, 0, 0, 0, 0, 0, 0, 0, 0, 0, 0, 0, 0, 0, 0, 0, 0, 0, 0, 0, 0, 0, 0, 0, 0, 0, 0, 0, 0, 0, 0, 0, 0, 0, 0, 0, 0, 0, 0, 0, 0, 0, 0, 0, 0, 0, 0, 0, 0, 0, 0, 0, 0, 0, 0, 0, 0, 0, 0, 0, 0, 0, 0, 0, 0, 0, 0, 0, 0, 0, 0, 0, 0, 0, 0, 0, 0, 0, 0, 0, 0, 0, 0, 0, 0, 0, 0, 0, 0, 0, 0, 0, 0, 0, 0, 0, 0, 0, 0, 0, 0, 0, 0, 0, 0, 0, 0, 0, 0, 0, 0, 0, 0, 0, 0, 0, 0, 0, 0, 0, 0, 0, 0, 0, 0, 0, 0, 0, 0, 0, 0, 0, 0, 0, 0, 0, 0, 0, 0, 0, 0, 0, 0, 0, 0, 0, 0, 0, 0, 0, 0, 0, 0, 0, 0, 0, 0, 0, 0, 0, 0, 0, 0, 0, 0, 0, 0, 0, 0, 0, 0, 0, 0, 0, 0, 0, 0, 0, 0, 0, 0, 0, 0, 0, 0, 0, 0, 0, 0, 0, 0, 0, 0, 0, 0, 0, 0, 0, 0, 0, 0, 0, 0, 0, 0, 0, 0, 0, 0, 0, 0, 0, 0, 0, 0, 0, 0, 0, 0, 0, 0, 0, 0, 0, 0, 0, 0, 0, 0, 0, 0, 0, 0, 0, 0, 0, 0, 0, 0, 0, 0, 0, 0, 0, 0, 0, 0, 0, 0, 0, 0, 0, 0, 0, 0, 0, 0, 0, 0, 0, 0, 0, 0, 0, 0, 0, 0, 0, 0, 0, 0, 0, 0, 0, 0, 0, 0, 0, 0, 0, 0, 0, 0, 0, 0, 0, 0, 0, 0, 0, 0, 0, 0, 0, 0, 0, 0, 0, 0, 0, 0, 0, 0, 0, 0, 0, 0, 0, 0, 0, 0, 0, 0, 0, 0, 0, 0, 0, 0, 0, 0, 0, 0, 0, 0, 0, 0, 0, 0, 0, 0, 0, 0, 0, 0, 0, 0, 0, 0, 0, 0, 0, 0, 0, 0, 0, 0, 0, 0, 0, 0, 0, 0, 0, 0, 0, 0, 0, 0, 0, 0, 0, 0, 0, 0, 0, 0, 0, 0, 0, 0, 0, 0, 0, 0, 0, 0, 0, 0, 0, 0, 0, 0, 0, 0, 0, 0, 0, 0, 0, 0, 0, 0, 0, 0, 0, 0, 0, 0, 0, 0, 0, 0, 0, 0, 0, 0, 0, 0, 0, 0, 0, 0, 0, 0, 0, 0, 0, 0, 0, 0, 0, 0, 0, 0, 0, 0, 0, 0, 0, 0, 0, 0, 0, 0, 0, 0, 0, 0, 0, 0, 0, 0, 0, 0, 0, 0, 0, 0, 0, 0, 0, 0, 0, 0, 0, 0, 0, 0, 0, 0, 0, 0, 0, 0, 0, 0, 0, 0, 0, 0, 0, 0, 0, 0, 0, 0, 0, 0, 0, 0, 0, 0, 0, 0, 0, 0, 0, 0, 0, 0, 0, 0, 0, 0, 0, 0, 0, 0, 0, 0, 0, 0, 0, 0, 0, 0, 0, 0, 0, 0, 0, 0, 0, 0, 0, 0, 0, 0, 0, 0, 0, 0, 0, 0, 0, 0, 0, 0, 0, 0, 0, 0, 0, 0, 0, 0, 0, 0, 0, 0, 0, 0, 0, 0, 0, 0, 0, 0, 0, 0, 0, 0, 0, 0, 0, 0, 0, 0, 0, 0, 0, 0, 0, 0, 0, 0, 0, 0, 0, 0, 0, 0, 0, 0, 0, 0, 0, 0, 0, 0, 0, 0, 0, 0, 0, 0, 0, 0, 0, 0, 0, 0, 0, 0, 0, 0, 0, 0, 0, 0, 0, 0, 0, 0, 0, 0, 0, 0, 0, 0, 0, 0, 0, 0, 0, 0, 0, 0, 0, 0, 0, 0, 0, 0, 0, 0, 0, 0, 0, 0, 0, 0, 0, 0, 0, 0, 0, 0, 0, 0, 0, 0, 0, 0, 0, 0, 0, 0, 0, 0, 0, 0, 0, 0, 0, 0, 0, 0, 0, 0, 0, 0, 0, 0, 0, 0, 0, 0, 0, 0, 0, 0, 0, 0, 0, 0, 0, 0, 0, 0, 0, 0, 0, 0, 0, 0, 0, 0, 0, 0, 0, 0, 0, 0, 0, 0, 0, 0, 0, 0, 0, 0, 0, 0, 0, 0, 0, 0, 0, 0, 0, 0, 0, 0, 0, 0, 0, 0, 0, 0, 0, 0, 0, 0, 0, 0, 0, 0, 0, 0, 0, 0, 0, 0, 0, 0, 0, 0, 0, 0, 0, 0, 0, 0, 0, 0, 0, 0, 0, 0, 0, 0, 0, 0, 0, 0, 0, 0, 0, 0, 0, 0, 0, 0, 0, 0, 0, 0, 0, 0, 0, 0, 0, 0, 0, 0, 0, 0, 0, 0, 0, 0, 0, 0, 0, 0, 0, 0, 0, 0, 0, 0, 0, 0, 0, 0, 0, 0, 0, 0, 0, 0, 0, 0, 0, 0, 0, 0, 0, 0, 0, 0, 0, 0, 0, 0, 0, 0, 0, 0, 0, 0, 0, 0, 0, 0, 0, 0, 0, 0, 0, 0, 0, 0, 0, 0, 0, 0, 0, 0, 0, 0, 0, 0, 0, 0, 0, 0, 0, 0, 0, 0, 0, 0, 0, 0, 0, 0, 0, 0, 0, 0, 0, 0, 0, 0, 0, 0, 0, 0, 0, 0, 0, 0, 0, 0, 0, 0, 0, 0, 0, 0, 0, 0, 0, 0, 0, 0, 0, 0, 0, 0, 0, 0, 0, 0, 0, 0, 0, 0, 0, 0, 0, 0, 0, 0, 0, 0, 0, 0, 0, 0, 0, 0, 0, 0, 0, 0, 0, 0, 0, 0, 0, 0, 0, 0, 0, 0, 0, 0, 0, 0, 0, 0, 0, 0, 0, 0, 0, 0, 0, 0, 0, 0, 0, 0, 0, 0, 0, 0, 0, 0, 0, 0, 0, 0, 0, 0, 0, 0, 0, 0, 0, 0, 0, 0, 0, 0, 0, 0, 0, 0, 0, 0, 0, 0, 0, 0, 0, 0, 0, 0, 0, 0, 0, 0, 0, 0, 0, 0, 0, 0, 0, 0, 0, 0, 0, 0, 0, 0, 0, 0, 0, 0, 0, 0, 0, 0, 0, 0, 0, 0, 0, 0, 0, 0, 0, 0, 0, 0, 0, 0, 0, 0, 0, 0, 0, 0, 0, 0, 0, 0, 0, 0, 0, 0, 0, 0, 0, 0, 0, 0, 0, 0, 0, 0, 0, 0, 0, 0, 0, 0, 0, 0, 0, 0, 0, 0, 0, 0, 0, 0, 0, 0, 0, 0, 0, 0, 0, 0, 0, 0, 0, 0, 0, 0, 0, 0, 0, 0, 0, 0, 0, 0, 0, 0, 0, 0, 0, 0, 0, 0, 0, 0, 0, 0, 0, 0, 0, 0, 0, 0, 0, 0, 0, 0, 0, 0, 0, 0, 0, 0, 0, 0, 0, 0, 0, 0, 0, 0, 0, 0, 0, 0, 0, 0, 0, 0, 0, 0, 0, 0, 0, 0, 0, 0, 0, 0, 0, 0, 0, 0, 0, 0, 0, 0, 0, 0, 0, 0, 0, 0, 0, 0, 0, 0, 0, 0, 0, 0, 0, 0, 0, 0, 0, 0, 0, 0, 0, 0, 0, 0, 0, 0, 0, 0, 0, 0, 0, 0, 0, 0, 0, 0, 0, 0.03571428571428571, 0, 0, 0, 0, 0, 0, 0, 0, 0, 0, 0, 0, 0, 0, 0, 0, 0, 0, 0, 0, 0, 0, 0, 0, 0, 0, 0, 0, 0, 0, 0, 0, 0, 0, 0, 0, 0, 0, 0, 0, 0, 0, 0, 0, 0, 0, 0, 0, 0, 0, 0, 0, 0, 0, 0, 0, 0, 0, 0, 0, 0, 0, 0, 0, 0, 0, 0, 0, 0, 0, 0, 0, 0, 0, 0, 0, 0, 0, 0, 0, 0, 0, 0, 0, 0, 0, 0, 0, 0, 0, 0, 0, 0, 0, 0, 0, 0, 0, 0, 0, 0, 0, 0, 0, 0, 0.16666666666666666, 0, 0, 0, 0, 0, 0, 0, 0, 0, 0, 0, 0, 0, 0, 0, 0, 0, 0, 0, 0, 0, 0, 0, 0, 0, 0, 0, 0, 0, 0, 0, 0, 0, 0, 0, 0, 0, 0, 0, 0, 0, 0, 0, 0, 0, 0, 0, 0, 0, 0, 0, 0, 0, 0, 0, 0, 0, 0, 0, 0, 0, 0, 0, 0, 0, 0, 0, 0, 0, 0, 0, 0, 0, 0, 0, 0, 0, 0, 0, 0, 0, 0, 0, 0, 0, 0, 0, 0, 0, 0, 0, 0, 0, 0, 0, 0, 0, 0, 0, 0, 0, 0, 0, 0, 0, 0, 0, 0, 0, 0, 0, 0, 0, 0, 0, 0, 0, 0, 0, 0, 0, 0, 0, 0, 0, 0, 0, 0, 0, 0, 0, 0, 0, 0, 0, 0, 0, 0, 0, 0, 0, 0, 0, 0, 0, 0, 0, 0, 0, 0, 0, 0, 0, 0, 0, 0, 0, 0, 0, 0, 0, 0, 0, 0, 0, 0, 0, 0, 0, 0, 0, 0, 0, 0, 0, 0, 0, 0, 0, 0, 0, 0, 0, 0, 0, 0, 0, 0, 0, 0, 0, 0, 0, 0, 0, 0, 0, 0, 0, 0, 0, 0, 0, 0, 0, 0, 0, 0, 0, 0, 0, 0, 0, 0, 0, 0, 0, 0, 0, 0, 0, 0, 0, 0, 0, 0, 0, 0, 0, 0, 0, 0, 0, 0, 0, 0, 0, 0, 0, 0, 0, 0, 0, 0, 0, 0, 0, 0, 0, 0, 0, 0, 0, 0, 0, 0, 0, 0, 0, 0, 0, 0, 0, 0, 0, 0, 0, 0, 0, 0, 0, 0, 0, 0, 0, 0, 0, 0, 0, 0, 0, 0, 0, 0, 0, 0, 0, 0, 0, 0, 0, 0, 0, 0, 0, 0, 0, 0, 0, 0, 0, 0, 0, 0, 0, 0, 0, 0, 0, 0, 0, 0, 0, 0, 0, 0, 0, 0, 0, 0, 0, 0, 0, 0, 0, 0, 0, 0, 0, 0, 0, 0, 0, 0, 0, 0, 0, 0, 0, 0, 0, 0, 0, 0, 0, 0, 0, 0, 0, 0, 0, 0, 0, 0, 0, 0, 0, 0, 0, 0, 0, 0, 0, 0, 0, 0, 0, 0, 0, 0, 0, 0, 0, 0, 0, 0, 0, 0, 0, 0, 0, 0, 0, 0, 0, 0, 0, 0, 0, 0, 0, 0, 0, 0, 0, 0, 0, 0, 0, 0, 0, 0, 0, 0, 0, 0, 0, 0, 0, 0, 0, 0, 0, 0, 0, 0, 0, 0, 0, 0, 0, 0, 0, 0, 0, 0, 0, 0, 0, 0, 0, 0, 0, 0, 0, 0, 0, 0, 0, 0, 0, 0, 0, 0, 0, 0, 0, 0, 0, 0, 0, 0, 0, 0, 0, 0, 0, 0, 0, 0, 0, 0, 0, 0, 0, 0, 0, 0, 0, 0, 0, 0, 0, 0, 0, 0, 0, 0, 0, 0, 0, 0, 0, 0, 0, 0, 0, 0, 0, 0, 0, 0, 0, 0, 0, 0, 0, 0, 0, 0, 0, 0, 0, 0, 0, 0, 0, 0, 0, 0, 0, 0, 0, 0, 0, 0, 0, 0, 0, 0, 0, 0, 0, 0, 0, 0, 0, 0, 0, 0, 0, 0, 0, 0, 0, 0, 0, 0, 0, 0, 0, 0, 0, 0, 0, 0, 0, 0, 0, 0, 0, 0, 0, 0, 0, 0, 0, 0, 0, 0, 0, 0, 0, 0, 0, 0, 0, 0, 0, 0, 0, 0, 0, 0, 0, 0, 0, 0, 0, 0, 0, 0, 0, 0, 0, 0, 0, 0, 0, 0, 0, 0, 0, 0, 0, 0, 0, 0, 0, 0, 0, 0, 0, 0, 0, 0, 0, 0, 0, 0, 0, 0, 0, 0, 0, 0, 0, 0, 0, 0, 0, 0, 0, 0, 0, 0, 0, 0, 0, 0, 0, 0, 0, 0, 0, 0, 0, 0, 0, 0, 0, 0, 0, 0, 0, 0, 0, 0, 0, 0, 0, 0, 0, 0, 0, 0, 0, 0, 0, 0, 0, 0, 0, 0, 0, 0, 0, 0, 0, 0, 0, 0, 0, 0, 0, 0, 0, 0, 0, 0, 0, 0, 0, 0, 0, 0, 0, 0, 0, 0, 0, 0, 0, 0, 0, 0, 0, 0, 0, 0, 0, 0, 0, 0, 0, 0, 0, 0, 0, 0, 0, 0, 0, 0, 0, 0, 0, 0, 0, 0, 0, 0, 0, 0, 0, 0, 0, 0, 0, 0, 0, 0, 0, 0, 0, 0, 0, 0, 0, 0, 0, 0, 0, 0, 0, 0, 0, 0, 0, 0, 0, 0, 0, 0, 0, 0, 0, 0, 0, 0, 0, 0, 0, 0, 0, 0, 0, 0, 0, 0, 0, 0, 0, 0, 0, 0, 0, 0, 0, 0, 0, 0, 0, 0, 0, 0, 0, 0, 0, 0, 0, 0, 0, 0, 0, 0, 0, 0, 0, 0, 0, 0, 0, 0, 0, 0, 0, 0, 0, 0, 0, 0, 0, 0, 0, 0, 0, 0, 0, 0, 0, 0, 0, 0, 0, 0, 0, 0, 0, 0, 0, 0, 0, 0, 0, 0, 0, 0, 0, 0, 0, 0, 0, 0, 0, 0, 0, 0, 0, 0, 0, 0, 0, 0, 0, 0, 0, 0, 0, 0, 0, 0, 0, 0, 0, 0, 0, 0, 0, 0, 0, 0, 0, 0, 0, 0, 0, 0, 0, 0, 0, 0, 0, 0, 0, 0, 0, 0, 0, 0, 0, 0, 0, 0, 0, 0, 0, 0, 0, 0, 0, 0, 0, 0, 0, 0, 0, 0, 0, 0, 0, 0, 0, 0, 0, 0, 0, 0, 0, 0, 0, 0, 0, 0, 0, 0, 0, 0, 0, 0, 0, 0, 0, 0, 0, 0, 0, 0, 0, 0, 0, 0, 0, 0, 0, 0, 0, 0, 0, 0, 0, 0, 0, 0, 0, 0, 0, 0, 0, 0, 0, 0, 0, 0, 0, 0, 0, 0, 0, 0, 0, 0, 0, 0, 0, 0, 0, 0, 0, 0, 0, 0, 0, 0, 0, 0, 0, 0, 0, 0, 0, 0, 0, 0, 0, 0, 0, 0, 0, 0, 0, 0, 0, 0, 0, 0, 0, 0, 0, 0, 0, 0, 0, 0, 0, 0, 0, 0, 0, 0, 0, 0, 0, 0, 0, 0, 0, 0, 0, 0, 0, 0, 0, 0, 0, 0, 0, 0, 0, 0, 0, 0, 0, 0, 0, 0, 0, 0, 0, 0, 0, 0, 0, 0, 0, 0, 0, 0, 0, 0, 0, 0, 0, 0, 0, 0, 0, 0, 0, 0, 0, 0, 0, 0, 0, 0, 0, 0, 0, 0, 0, 0, 0, 0, 0, 0, 0, 0, 0, 0, 0, 0, 0, 0, 0, 0, 0, 0, 0, 0, 0, 0, 0, 0, 0, 0, 0, 0, 0, 0, 0, 0, 0, 0, 0, 0, 0, 0, 0, 0, 0, 0, 0, 0, 0, 0, 0, 0, 0, 0, 0, 0, 0, 0, 0, 0, 0, 0, 0, 0, 0, 0, 0, 0, 0, 0, 0, 0, 0, 0, 0, 0, 0, 0, 0, 0, 0, 0, 0, 0, 0, 0, 0, 0, 0, 0, 0, 0, 0, 0, 0, 0, 0, 0, 0, 0, 0, 0, 0, 0, 0, 0, 0, 0, 0, 0, 0, 0, 0, 0, 0, 0, 0, 0, 0, 0, 0, 0, 0, 0, 0, 0, 0, 0, 0, 0, 0, 0, 0, 0, 0, 0, 0, 0, 0, 0, 0, 0, 0, 0, 0, 0, 0, 0, 0, 0, 0, 0, 0, 0, 0, 0, 0, 0, 0, 0, 0, 0, 0, 0, 0, 0, 0, 0, 0, 0, 0, 0, 0, 0, 0, 0, 0, 0, 0, 0, 0, 0, 0, 0, 0, 0, 0, 0, 0, 0, 0, 0, 0, 0, 0, 0, 0, 0, 0, 0, 0, 0, 0, 0, 0, 0, 0, 0, 0, 0, 0, 0, 0, 0, 0, 0, 0, 0, 0, 0, 0, 0, 0, 0, 0, 0, 0, 0, 0, 0, 0, 0, 0, 0, 0, 0, 0, 0, 0, 0, 0, 0, 0, 0, 0, 0, 0, 0, 0, 0, 0, 0, 0, 0, 0, 0, 0, 0, 0, 0, 0, 0, 0, 0, 0, 0, 0, 0, 0, 0, 0, 0, 0, 0, 0, 0, 0, 0, 0, 0, 0, 0, 0, 0, 0, 0, 0, 0, 0, 0, 0, 0, 0, 0, 0, 0, 0, 0, 0, 0, 0, 0, 0, 0, 0, 0, 0, 0, 0, 0, 0, 0, 0, 0, 0, 0, 0, 0, 0, 0, 0, 0, 0, 0, 0, 0, 0, 0, 0, 0, 0, 0, 0, 0, 0, 0, 0, 0, 0, 0, 0, 0, 0, 0, 0, 0, 0, 0, 0, 0, 0, 0, 0, 0, 0, 0, 0, 0, 0, 0, 0, 0, 0, 0, 0, 0, 0, 0, 0, 0, 0, 0, 0, 0, 0, 0, 0, 0, 0, 0, 0, 0, 0, 0, 0, 0, 0, 0, 0, 0, 0, 0, 0, 0, 0, 0, 0, 0, 0, 0, 0, 0, 0, 0, 0, 0, 0, 0, 0, 0, 0, 0, 0, 0, 0, 0, 0, 0, 0, 0, 0, 0, 0, 0, 0, 0, 0, 0, 0, 0, 0, 0, 0, 0, 0, 0, 0, 0, 0, 0, 0, 0, 0, 0, 0, 0, 0, 0, 0, 0, 0, 0, 0, 0, 0, 0, 0, 0, 0, 0, 0, 0, 0, 0, 0, 0, 0, 0, 0, 0, 0, 0, 0, 0, 0, 0, 0, 0, 0, 0, 0, 0, 0, 0, 0, 0, 0, 0, 0, 0, 0, 0, 0, 0, 0, 0, 0, 0, 0, 0, 0, 0, 0, 0, 0, 0, 0, 0, 0, 0, 0, 0, 0, 0, 0, 0, 0, 0, 0, 0, 0, 0, 0, 0, 0, 0, 0, 0, 0, 0, 0, 0, 0, 0, 0, 0, 0, 0, 0, 0, 0, 0, 0, 0, 0, 0, 0, 0, 0, 0, 0, 0, 0, 0, 0, 0, 0, 0, 0, 0, 0, 0, 0, 0, 0, 0, 0, 0, 0, 0, 0, 0, 0, 0, 0, 0, 0, 0, 0, 0, 0, 0, 0, 0, 0, 0, 0, 0, 0, 0, 0, 0, 0, 0, 0, 0, 0, 0, 0, 0, 0, 0, 0, 0, 0, 0, 0, 0, 0, 0, 0, 0, 0, 0, 0, 0, 0, 0, 0, 0, 0, 0, 0, 0, 0, 0, 0, 0, 0, 0, 0, 0, 0, 0, 0, 0, 0, 0, 0, 0, 0, 0, 0, 0, 0, 0, 0, 0, 0, 0, 0, 0, 0, 0, 0, 0, 0, 0, 0, 0, 0, 0, 0, 0, 0, 0, 0, 0, 0, 0, 0, 0, 0, 0, 0, 0, 0, 0, 0, 0, 0, 0, 0, 0, 0, 0, 0, 0, 0, 0, 0, 0, 0, 0, 0, 0, 0, 0, 0, 0, 0, 0, 0, 0, 0, 0, 0, 0, 0, 0, 0, 0, 0, 0, 0, 0, 0, 0, 0, 0, 0, 0, 0, 0, 0, 0, 0, 0, 0, 0, 0, 0, 0, 0, 0, 0, 0, 0, 0, 0, 0, 0, 0, 0, 0, 0, 0, 0, 0, 0, 0, 0, 0, 0, 0, 0, 0, 0, 0, 0, 0, 0, 0, 0, 0, 0, 0, 0, 0, 0, 0, 0, 0, 0, 0, 0, 0, 0, 0, 0, 0, 0, 0, 0, 0, 0, 0, 0, 0, 0, 0, 0, 0, 0, 0, 0, 0, 0, 0, 0, 0, 0, 0, 0, 0, 0, 0, 0, 0, 0, 0, 0, 0, 0, 0, 0, 0, 0, 0, 0, 0, 0, 0, 0, 0, 0, 0, 0, 0, 0, 0, 0, 0, 0, 0, 0, 0, 0, 0, 0, 0, 0, 0, 0, 0, 0, 0, 0, 0, 0, 0, 0, 0, 0, 0, 0, 0, 0, 0, 0, 0, 0, 0, 0, 0, 0, 0, 0, 0, 0, 0, 0, 0, 0, 0, 0, 0, 0, 0, 0, 0, 0, 0, 0, 0, 0, 0, 0, 0, 0, 0, 0, 0, 0, 0, 0, 0, 0, 0, 0, 0, 0, 0, 0, 0, 0, 0, 0, 0, 0, 0, 0, 0, 0, 0, 0, 0, 0, 0, 0, 0, 0, 0, 0, 0, 0, 0, 0, 0, 0, 0, 0, 0, 0, 0, 0, 0, 0, 0, 0, 0, 0, 0, 0, 0, 0, 0, 0, 0, 0, 0, 0, 0, 0, 0, 0, 0, 0, 0, 0, 0, 0, 0, 0, 0, 0, 0, 0, 0, 0, 0, 0, 0, 0, 0, 0, 0, 0, 0, 0, 0, 0, 0, 0, 0, 0, 0, 0, 0, 0, 0, 0, 0, 0, 0, 0, 0, 0, 0, 0, 0, 0, 0, 0, 0, 0, 0, 0, 0, 0, 0, 0, 0, 0, 0, 0, 0, 0, 0, 0, 0, 0, 0, 0, 0, 0, 0, 0, 0, 0, 0, 0, 0, 0, 0, 0, 0, 0, 0, 0, 0, 0, 0, 0, 0, 0, 0, 0, 0, 0, 0, 0, 0, 0, 0, 0, 0, 0, 0, 0, 0, 0, 0, 0, 0, 0, 0, 0, 0, 0, 0, 0, 0, 0, 0, 0, 0, 0, 0, 0, 0, 0, 0, 0, 0, 0, 0, 0, 0, 0, 0, 0, 0, 0, 0, 0, 0, 0, 0, 0, 0, 0, 0, 0, 0, 0, 0, 0, 0, 0, 0, 0, 0, 0, 0, 0, 0, 0, 0, 0, 0, 0, 0, 0, 0, 0, 0, 0, 0, 0, 0, 0, 0, 0, 0, 0, 0, 0, 0, 0, 0, 0, 0, 0, 0, 0, 0, 0, 0, 0, 0, 0, 0, 0, 0, 0, 0, 0, 0, 0, 0, 0, 0, 0, 0, 0, 0, 0, 0, 0, 0, 0, 0, 0, 0, 0, 0, 0, 0, 0, 0, 0, 0, 0, 0, 0, 0, 0, 0, 0, 0, 0, 0, 0, 0, 0, 0, 0, 0, 0, 0, 0, 0, 0, 0, 0, 0, 0, 0, 0, 0, 0, 0, 0, 0, 0, 0, 0, 0, 0, 0, 0, 0, 0, 0, 0, 0, 0, 0, 0, 0, 0, 0, 0, 0, 0, 0, 0, 0, 0, 0, 0, 0, 0, 0, 0, 0, 0, 0, 0, 0, 0, 0, 0, 0, 0, 0, 0, 0, 0, 0, 0, 0, 0, 0, 0, 0, 0, 0, 0, 0, 0, 0, 0, 0, 0, 0, 0, 0, 0, 0, 0, 0, 0, 0, 0, 0, 0, 0, 0, 0, 0, 0, 0, 0, 0, 0, 0, 0, 0, 0, 0, 0, 0, 0, 0, 0, 0, 0, 0, 0, 0, 0, 0, 0, 0, 0, 0, 0, 0, 0, 0, 0, 0, 0, 0, 0, 0, 0, 0, 0, 0, 0, 0, 0, 0, 0, 0, 0, 0, 0, 0, 0, 0, 0, 0, 0, 0, 0, 0, 0, 0, 0, 0, 0, 0, 0, 0, 0, 0, 0, 0, 0, 0, 0, 0, 0, 0, 0, 0, 0, 0, 0, 0, 0, 0, 0, 0, 0, 0, 0, 0, 0, 0, 0, 0, 0, 0, 0, 0, 0, 0, 0, 0, 0, 0, 0, 0, 0, 0, 0, 0, 0, 0, 0, 0, 0, 0, 0, 0, 0, 0, 0, 0, 0, 0, 0, 0, 0, 0, 0, 0, 0, 0, 0, 0, 0, 0, 0, 0, 0, 0, 0, 0, 0, 0, 0, 0, 0, 0, 0, 0, 0, 0, 0, 0, 0, 0, 0, 0, 0, 0, 0, 0, 0, 0, 0, 0, 0, 0, 0, 0, 0, 0, 0, 0, 0, 0, 0, 0, 0, 0, 0, 0, 0, 0, 0, 0, 0, 0, 0, 0, 0, 0, 0, 0, 0, 0, 0, 0, 0, 0, 0, 0, 0, 0, 0, 0, 0, 0, 0, 0, 0, 0, 0, 0, 0, 0, 0, 0, 0, 0, 0, 0, 0, 0, 0, 0, 0, 0, 0, 0, 0, 0, 0, 0, 0, 0, 0, 0, 0, 0, 0, 0, 0, 0, 0, 0, 0, 0, 0, 0, 0, 0, 0, 0, 0, 0, 0, 0, 0, 0, 0, 0, 0, 0, 0, 0, 0, 0, 0, 0, 0, 0, 0, 0, 0, 0, 0, 0, 0, 0, 0, 0, 0, 0, 0, 0, 0, 0, 0, 0, 0, 0, 0, 0, 0, 0, 0, 0, 0, 0, 0, 0, 0, 0, 0, 0, 0, 0, 0, 0, 0, 0, 0, 0, 0, 0, 0, 0, 0, 0, 0, 0, 0, 0, 0, 0, 0, 0, 0, 0, 0, 0, 0, 0, 0, 0, 0, 0, 0, 0, 0, 0, 0, 0, 0, 0, 0, 0, 0, 0, 0, 0, 0, 0, 0, 0, 0, 0, 0, 0, 0, 0, 0, 0, 0, 0, 0, 0, 0, 0, 0, 0, 0, 0, 0, 0, 0, 0, 0, 0, 0, 0, 0, 0, 0, 0, 0, 0, 0, 0, 0, 0, 0, 0, 0, 0, 0, 0, 0, 0, 0, 0, 0, 0, 0, 0, 0, 0, 0, 0, 0, 0, 0, 0, 0, 0, 0, 0, 0, 0, 0, 0, 0, 0, 0, 0, 0, 0, 0, 0, 0, 0, 0, 0, 0, 0, 0, 0, 0, 0, 0, 0, 0, 0, 0, 0, 0, 0, 0, 0, 0, 0, 0, 0, 0, 0, 0, 0, 0, 0, 0, 0, 0, 0, 0, 0, 0, 0, 0, 0, 0, 0, 0, 0, 0, 0, 0, 0, 0, 0, 0, 0, 0, 0, 0, 0, 0, 0, 0, 0, 0, 0, 0, 0, 0, 0, 0, 0, 0, 0, 0, 0, 0, 0, 0, 0, 0, 0, 0, 0, 0, 0, 0, 0, 0, 0, 0, 0, 0, 0, 0, 0, 0, 0, 0, 0, 0, 0, 0, 0, 0, 0, 0, 0, 0, 0, 0, 0, 0, 0, 0, 0, 0, 0, 0, 0, 0, 0, 0, 0, 0, 0, 0, 0, 0, 0, 0, 0, 0, 0, 0, 0, 0, 0, 0, 0, 0, 0, 0, 0, 0, 0, 0, 0, 0, 0, 0, 0, 0, 0, 0, 0, 0, 0, 0, 0, 0, 0, 0, 0, 0, 0, 0, 0, 0, 0, 0, 0, 0, 0, 0, 0, 0, 0, 0, 0, 0, 0, 0, 0, 0, 0, 0, 0, 0, 0, 0, 0, 0, 0, 0, 0, 0, 0, 0, 0, 0, 0, 0, 0, 0, 0, 0, 0, 0, 0, 0, 0, 0, 0, 0, 0, 0, 0, 0, 0, 0, 0, 0, 0, 0, 0, 0, 0, 0, 0, 0, 0, 0, 0, 0, 0, 0, 0, 0, 0, 0, 0, 0, 0, 0, 0, 0, 0, 0, 0, 0, 0, 0, 0, 0, 0, 0, 0, 0, 0, 0, 0, 0, 0, 0, 0, 0, 0, 0, 0, 0, 0, 0, 0, 0, 0, 0, 0, 0, 0, 0, 0, 0, 0, 0, 0, 0, 0, 0, 0, 0, 0, 0, 0, 0, 0, 0, 0, 0, 0, 0, 0, 0, 0, 0, 0, 0, 0, 0, 0, 0, 0, 0, 0, 0, 0, 0, 0, 0, 0, 0, 0, 0, 0, 0, 0, 0, 0, 0, 0, 0, 0, 0, 0, 0, 0, 0, 0, 0, 0, 0, 0, 0, 0, 0, 0, 0, 0, 0, 0, 0, 0, 0, 0, 0, 0, 0, 0, 0, 0, 0, 0, 0, 0, 0, 0, 0, 0, 0, 0, 0, 0, 0, 0, 0, 0, 0, 0, 0, 0, 0, 0, 0, 0, 0, 0, 0, 0, 0, 0, 0, 0, 0, 0, 0, 0, 0, 0, 0, 0, 0, 0, 0, 0, 0, 0, 0, 0, 0, 0, 0, 0, 0, 0, 0, 0, 0, 0, 0, 0, 0, 0, 0, 0, 0, 0, 0, 0, 0, 0, 0, 0, 0, 0, 0, 0, 0, 0, 0, 0, 0, 0, 0, 0, 0, 0, 0, 0, 0, 0, 0, 0, 0, 0, 0, 0, 0, 0, 0, 0, 0, 0, 0, 0, 0, 0, 0, 0, 0, 0, 0, 0, 0, 0, 0, 0, 0, 0, 0, 0, 0, 0, 0, 0, 0, 0, 0, 0, 0, 0, 0, 0, 0, 0, 0, 0, 0, 0, 0, 0, 0, 0, 0, 0, 0, 0, 0, 0, 0, 0, 0, 0, 0, 0, 0, 0, 0, 0, 0, 0, 0, 0, 0, 0, 0, 0, 0, 0, 0, 0, 0, 0, 0, 0, 0, 0, 0, 0, 0, 0, 0, 0, 0, 0, 0, 0, 0, 0, 0, 0, 0, 0, 0, 0, 0, 0, 0, 0, 0, 0, 0, 0, 0, 0, 0, 0, 0, 0, 0, 0, 0, 0, 0, 0, 0, 0, 0, 0, 0, 0, 0, 0, 0, 0, 0, 0, 0, 0, 0, 0, 0, 0, 0, 0, 0, 0, 0, 0, 0, 0, 0, 0, 0, 0, 0, 0, 0, 0, 0, 0, 0, 0, 0, 0, 0, 0, 0, 0, 0, 0, 0, 0, 0, 0, 0, 0, 0, 0, 0, 0, 0, 0, 0, 0, 0, 0, 0, 0, 0, 0, 0, 0, 0, 0, 0, 0, 0, 0, 0, 0, 0, 0, 0, 0, 0, 0, 0, 0, 0, 0, 0, 0, 0, 0, 0, 0, 0, 0, 0, 0, 0, 0, 0, 0, 0, 0, 0, 0, 0, 0, 0, 0, 0, 0, 0, 0, 0, 0, 0, 0, 0, 0, 0, 0, 0, 0, 0, 0, 0, 0, 0, 0, 0, 0, 0, 0, 0, 0, 0, 0, 0, 0, 0]
Clustering Coefficient Average: 3.166292695088507e-05
Clustering Coefficient Variance: 4.0883469859531755e-06
Connected Component Sizes: [8991, 1, 1, 1, 1, 1, 1, 1, 1, 1, 2, 1, 1, 1, 1, 1, 1, 1, 1, 1, 1, 1, 1, 1, 1, 1, 1, 1, 1, 2, 1, 1, 1, 1, 2, 1, 1, 2, 1, 1, 1, 1, 1, 3, 1, 1, 1, 1, 1, 1, 1, 1, 1, 1, 1, 1, 1, 1, 3, 1, 1, 2, 1, 1, 1, 2, 1, 1, 1, 1, 1, 1, 1, 1, 1, 2, 2, 1, 3, 1, 1, 1, 1, 1, 1, 1, 1, 2, 1, 1, 1, 4, 1, 1, 1, 1, 2, 1, 1, 1, 1, 1, 1, 1, 1, 1, 1, 1, 1, 1, 1, 1, 1, 1, 2, 1, 1, 1, 3, 1, 1, 1, 1, 1, 1, 1, 1, 1, 1, 1, 1, 2, 1, 1, 1, 1, 1, 1, 1, 3, 1, 1, 2, 1, 1, 1, 1, 1, 1, 3, 1, 2, 2, 1, 1, 1, 1, 1, 1, 2, 1, 3, 1, 1, 1, 1, 1, 1, 1, 1, 1, 1, 2, 1, 1, 1, 1, 1, 1, 1, 1, 1, 1, 1, 1, 1, 1, 1, 1, 1, 2, 1, 1, 1, 1, 1, 1, 1, 1, 1, 1, 1, 1, 1, 1, 1, 1, 1, 1, 1, 1, 2, 2, 2, 2, 1, 1, 1, 1, 1, 1, 1, 1, 1, 1, 1, 1, 1, 1, 1, 1, 1, 1, 1, 1, 1, 1, 1, 2, 1, 1, 1, 1, 2, 1, 1, 1, 1, 1, 1, 1, 1, 1, 1, 1, 1, 1, 1, 1, 1, 1, 1, 1, 1, 1, 1, 1, 1, 1, 1, 1, 2, 1, 1, 1, 1, 1, 1, 1, 1, 1, 1, 1, 1, 1, 1, 1, 1, 1, 2, 1, 1, 1, 1, 1, 1, 1, 1, 1, 3, 1, 1, 1, 1, 1, 1, 1, 1, 1, 1, 1, 1, 1, 1, 1, 2, 1, 1, 1, 1, 1, 2, 1, 1, 1, 1, 2, 1, 1, 1, 1, 1, 2, 1, 1, 1, 1, 1, 1, 1, 1, 1, 1, 1, 1, 1, 1, 1, 1, 2, 1, 1, 1, 1, 1, 1, 1, 1, 1, 1, 1, 1, 1, 1, 1, 1, 1, 1, 1, 1, 1, 1, 1, 1, 1, 1, 1, 1, 1, 1, 2, 1, 1, 1, 1, 1, 1, 1, 1, 1, 1, 1, 1, 1, 1, 1, 1, 1, 1, 1, 1, 1, 1, 1, 1, 1, 1, 1, 1, 1, 1, 1, 2, 1, 1, 1, 1, 1, 1, 1, 1, 1, 1, 1, 1, 1, 1, 1, 1, 1, 1, 1, 1, 2, 1, 1, 1, 1, 1, 1, 1, 1, 1, 1, 1, 1, 1, 1, 1, 1, 1, 1, 1, 1, 1, 1, 1, 1, 1, 1, 1, 1, 1, 1, 1, 1, 1, 1, 1, 1, 1, 1, 1, 1, 1, 2, 1, 1, 1, 1, 1, 1, 1, 1, 1, 1, 1, 1, 1, 1, 1, 1, 1, 1, 1, 1, 1, 1, 1, 1, 1, 1, 1, 1, 1, 1]
Connected Component Size Average: 18.873517786561266
Connected Component Size Variance: 159404.20534612314
