1 2
1 7
1 19
2 1
2 3
2 72
3 2
3 4
3 5
4 3
4 233
4 1487
5 3
5 6
5 11
6 5
7 1
7 8
7 10
7 19
8 7
8 9
8 10
8 12
9 8
10 7
10 8
10 11
11 5
11 10
11 1487
12 8
12 13
12 17
12 1503
13 12
13 70
13 1497
14 372
14 373
14 1496
15 17
15 19
15 20
16 19
16 26
16 43
17 12
17 15
17 1503
18 31
18 34
18 372
18 1495
19 1
19 7
19 15
19 16
19 87
20 15
20 21
20 24
21 20
21 22
21 1503
22 21
22 23
22 24
23 22
24 20
24 22
24 25
25 24
26 16
26 43
26 45
26 1499
27 28
27 32
27 1499
27 1500
28 27
28 29
28 1464
28 1500
29 28
29 30
29 46
30 29
30 31
30 46
30 1464
30 1501
30 1502
31 18
31 30
31 32
31 33
31 1464
32 27
32 31
32 33
33 31
33 32
33 34
34 18
34 33
34 372
34 386
34 388
35 54
35 266
35 1466
36 51
36 264
36 1466
37 38
37 43
37 264
38 37
38 39
38 44
38 1504
39 38
39 40
39 46
40 39
40 41
40 45
40 49
40 1504
41 40
41 42
41 47
42 41
42 46
42 1501
43 16
43 26
43 37
43 44
44 38
44 43
44 45
45 26
45 40
45 44
46 29
46 30
46 39
46 42
47 41
47 48
47 50
47 876
48 47
49 40
49 50
49 52
50 47
50 49
50 60
50 61
50 874
51 36
51 52
51 59
51 1504
52 49
52 51
52 53
53 52
53 854
53 858
53 875
54 35
54 55
54 58
55 54
55 56
55 62
56 55
56 57
56 62
57 56
58 54
58 59
58 64
59 51
59 58
59 60
60 50
60 59
60 61
61 50
61 60
61 875
62 55
62 56
62 63
63 62
63 856
63 857
64 58
64 65
64 854
65 64
66 250
66 1481
66 1489
66 1491
67 68
67 374
67 380
67 1496
67 1497
68 67
68 69
68 380
69 68
69 253
69 369
69 376
70 13
70 71
70 1493
70 1494
70 1497
71 70
71 253
71 1498
72 2
72 73
72 76
73 72
73 74
73 82
73 233
74 73
74 77
74 236
74 1473
75 76
75 79
75 264
76 72
76 75
76 77
77 74
77 76
77 78
77 82
77 83
78 77
78 220
78 236
79 75
79 80
79 84
80 79
80 81
80 82
81 80
82 73
82 77
82 80
83 77
83 218
83 232
83 248
84 79
84 85
84 135
84 232
85 84
85 86
85 232
86 85
86 201
86 204
86 247
87 19
87 88
87 264
88 87
88 89
88 92
89 88
89 90
89 91
90 89
91 89
92 88
93 94
93 98
93 1466
94 93
94 95
94 98
94 103
95 94
95 96
95 99
96 95
96 97
96 99
96 104
97 96
97 101
97 105
97 180
98 93
98 94
98 99
99 95
99 96
99 98
100 101
101 97
101 100
101 102
102 101
103 94
104 96
105 97
105 106
105 170
106 105
107 108
107 406
107 1466
108 107
109 110
110 109
110 111
110 177
111 110
111 112
111 178
112 111
113 119
114 122
114 129
114 130
114 168
115 116
115 163
115 166
115 167
115 1466
116 115
117 119
118 121
118 125
118 1466
119 113
119 117
119 120
119 126
119 175
120 119
121 118
122 114
122 123
122 126
123 122
123 125
123 130
124 1466
125 118
125 123
125 126
126 119
126 122
126 125
126 127
127 126
128 129
129 114
129 128
129 130
130 114
130 123
130 129
131 132
131 158
131 265
132 131
132 133
132 1476
133 132
133 134
133 1474
134 133
134 135
134 265
135 84
135 134
135 136
135 1479
136 135
136 137
136 161
137 136
137 161
137 201
138 154
138 231
138 1474
138 1477
138 1478
139 140
139 155
139 161
140 139
140 141
140 231
141 140
142 143
142 146
142 162
142 1528
143 142
143 144
143 146
143 163
144 143
144 145
144 164
144 165
145 144
145 147
145 191
146 142
146 143
146 147
147 145
147 146
147 148
147 200
148 147
148 149
148 150
149 148
149 196
149 199
150 148
150 151
150 206
151 150
151 152
151 153
151 161
152 151
152 202
152 205
153 151
153 247
153 248
154 138
154 155
154 231
154 1476
155 139
155 154
155 156
156 155
156 157
156 161
157 156
158 131
158 159
158 1528
159 158
159 160
159 1528
159 1529
160 159
160 191
160 200
160 1529
161 136
161 137
161 139
161 151
161 156
162 142
162 1465
162 1528
163 115
163 143
163 1465
164 144
165 144
166 115
167 115
168 114
168 169
168 276
169 168
169 170
169 171
170 105
170 169
170 186
171 169
171 172
171 187
172 171
172 183
172 187
173 174
173 176
173 1466
174 173
174 175
174 176
175 119
175 174
175 176
176 173
176 174
176 175
176 1466
177 110
178 111
178 179
178 180
179 178
180 97
180 178
180 181
180 270
181 180
181 182
181 1525
182 181
182 270
182 478
183 172
183 184
183 187
184 183
184 185
184 187
185 184
185 187
185 190
186 170
186 268
186 272
187 171
187 172
187 183
187 184
187 185
187 188
187 272
188 187
188 189
188 272
189 188
189 190
189 273
190 185
190 189
190 274
191 145
191 160
191 192
191 277
192 191
192 193
192 277
193 192
193 194
193 1527
194 193
194 195
194 280
195 194
196 149
196 197
196 206
197 196
197 198
197 208
198 197
198 208
198 280
198 1527
199 149
200 147
200 160
200 1529
201 86
201 137
201 204
202 152
203 205
203 206
203 207
203 212
203 219
204 86
204 201
204 205
205 152
205 203
205 204
206 150
206 196
206 203
207 203
207 208
207 209
208 197
208 198
208 207
208 210
209 207
209 210
209 212
210 208
210 209
210 211
211 210
211 284
211 288
212 203
212 209
212 213
212 215
213 212
213 214
213 294
214 213
214 294
214 295
215 212
215 216
215 241
215 290
215 1356
216 215
216 217
216 228
217 216
217 227
217 239
218 83
218 229
218 239
219 203
220 78
220 221
220 243
221 220
221 222
221 225
221 229
222 221
222 223
222 224
223 222
224 222
224 297
224 305
225 221
225 226
225 243
226 225
227 217
228 216
229 218
229 221
229 230
230 229
231 138
231 140
231 154
231 1479
232 83
232 84
232 85
233 4
233 73
233 1473
233 1480
233 1484
234 235
234 244
234 1485
234 1486
235 234
235 254
235 257
236 74
236 78
236 237
237 236
237 238
237 242
237 1473
238 237
238 1480
238 1482
238 1485
239 217
239 218
239 240
240 239
240 241
240 1355
241 215
241 240
241 1356
242 237
242 243
242 1485
243 220
243 225
243 242
244 234
244 245
244 246
245 244
246 244
247 86
247 153
247 248
248 83
248 153
248 247
249 252
249 254
249 1486
250 66
251 252
251 253
251 1498
252 249
252 251
252 253
252 355
253 69
253 71
253 251
253 252
254 235
254 249
254 255
255 254
255 256
255 258
255 336
256 255
257 235
257 258
257 261
258 255
258 257
258 259
259 258
259 260
259 327
259 334
260 259
261 257
261 262
261 263
261 307
262 261
262 312
262 315
263 261
264 36
264 37
264 75
264 87
264 1466
265 131
265 134
265 1466
266 35
266 586
266 1466
267 578
267 603
267 1466
268 186
268 269
268 271
269 268
269 270
269 271
270 180
270 182
270 269
271 268
271 269
271 1381
272 186
272 187
272 188
272 1376
273 189
274 190
274 275
274 1374
275 274
276 168
276 279
276 1369
276 1374
277 191
277 192
277 278
278 277
278 279
278 281
279 276
279 278
279 1366
280 194
280 198
280 281
280 1527
281 278
281 280
281 282
281 286
281 287
282 281
282 283
282 1366
283 282
284 211
284 285
284 287
284 289
285 284
285 286
285 289
286 281
286 285
286 287
286 1366
287 281
287 284
287 286
288 211
288 289
288 1360
289 284
289 285
289 288
289 1361
290 215
290 291
290 292
291 290
292 290
292 293
292 296
293 292
293 294
293 298
294 213
294 214
294 293
295 214
296 292
297 224
298 293
298 299
298 301
299 298
299 300
299 1352
299 1353
300 299
300 310
300 1346
300 1352
301 298
301 302
301 304
301 1353
302 301
302 303
302 1352
302 1353
302 1354
303 302
304 301
305 224
305 306
305 307
306 305
307 261
307 305
307 308
307 315
308 307
308 309
308 316
309 308
309 310
309 311
310 300
310 309
310 1341
311 309
312 262
312 313
312 323
313 312
313 314
313 320
314 313
315 262
315 307
315 316
316 308
316 315
316 317
317 316
317 318
317 321
318 317
318 319
318 324
319 318
319 324
319 339
319 1324
319 1340
320 313
321 317
321 322
321 1340
322 321
322 1340
322 1343
322 1344
323 312
324 318
324 319
324 325
325 324
325 326
325 1324
326 325
326 332
326 1310
326 1318
326 1323
326 1324
327 259
327 328
327 333
328 327
328 329
328 332
329 328
329 330
329 331
330 329
331 329
332 326
332 328
332 1310
332 1316
333 327
334 259
334 335
334 336
335 334
335 338
335 341
336 255
336 334
336 337
336 350
337 336
337 338
337 348
338 335
338 337
338 354
339 319
339 340
339 1328
340 339
340 1323
340 1325
341 335
341 342
341 344
341 346
342 341
342 343
342 344
342 346
343 342
343 347
343 1282
344 341
344 342
344 345
345 344
346 341
346 342
346 347
347 343
347 346
347 1282
347 1284
348 337
348 349
348 351
349 348
349 354
349 360
350 336
350 351
350 352
351 348
351 350
351 352
352 350
352 351
352 353
353 352
354 338
354 349
354 1272
355 252
355 356
355 363
356 355
356 357
356 360
357 356
357 358
357 361
357 363
358 357
358 359
358 361
358 362
359 358
360 349
360 356
360 361
361 357
361 358
361 360
362 358
363 355
363 357
363 364
364 363
364 365
364 367
365 364
365 366
365 367
366 365
367 364
367 365
367 368
368 367
369 69
369 370
369 371
370 369
371 369
372 14
372 18
372 34
372 386
373 14
373 374
373 381
374 67
374 373
374 375
375 374
375 376
375 381
375 385
376 69
376 375
376 377
376 380
376 385
377 376
377 378
377 383
377 385
378 377
378 379
378 949
379 378
379 398
379 914
379 915
379 950
379 1472
380 67
380 68
380 376
381 373
381 375
381 382
382 381
382 383
382 384
383 377
383 382
383 384
383 387
383 894
384 382
384 383
384 385
385 375
385 376
385 377
385 384
386 34
386 372
386 387
387 383
387 386
387 401
388 34
388 389
388 393
389 388
389 390
389 399
390 389
390 391
390 400
391 390
391 392
391 397
392 391
392 397
392 398
393 388
393 394
393 395
394 393
394 396
394 859
395 393
395 396
395 397
396 394
396 395
396 906
397 391
397 392
397 395
397 398
398 379
398 392
398 397
398 913
398 950
399 389
399 400
399 401
400 390
400 399
400 401
400 894
401 387
401 399
401 400
402 413
402 451
402 457
402 464
402 527
402 1466
403 474
403 475
403 1466
404 408
404 472
404 473
404 1466
405 406
405 465
405 467
406 107
406 405
406 465
407 408
407 471
407 1466
408 404
408 407
408 415
409 410
409 417
409 419
410 409
411 412
411 611
411 612
412 411
412 413
412 425
413 402
413 412
413 608
413 610
414 1466
415 408
416 425
417 409
417 418
417 420
418 417
418 614
418 618
419 409
419 420
419 421
419 428
420 417
420 419
420 426
421 419
421 422
421 483
422 421
422 423
422 435
422 483
422 613
423 422
423 611
423 612
423 613
424 425
425 412
425 416
425 424
426 420
426 427
426 1384
427 426
428 419
428 429
428 436
429 428
429 430
429 431
429 489
430 429
431 429
432 433
432 435
432 436
432 438
433 432
433 434
433 439
434 433
435 422
435 432
435 436
436 428
436 432
436 435
436 437
436 484
437 436
437 484
437 485
438 432
439 433
439 440
439 622
440 439
441 442
441 449
441 450
442 441
442 443
442 621
443 442
443 446
443 621
443 623
444 445
444 621
444 623
445 444
445 619
445 1391
445 1392
445 1393
446 443
446 447
446 1523
447 446
447 458
447 624
448 449
448 453
448 620
448 1523
449 441
449 448
449 452
450 441
450 451
450 608
451 402
451 450
451 452
452 449
452 451
452 453
453 448
453 452
453 454
454 453
454 455
454 456
454 458
454 620
455 454
455 456
455 496
455 1522
456 454
456 455
456 457
457 402
457 456
457 464
457 1522
458 447
458 454
458 620
459 1522
460 461
460 497
460 626
461 460
461 499
461 627
461 1508
462 500
462 627
462 1505
462 1508
462 1510
463 464
463 499
463 508
463 531
463 1505
464 402
464 457
464 463
464 526
465 405
465 406
465 466
466 465
466 467
466 468
467 405
467 466
467 468
468 466
468 467
468 469
469 468
469 470
469 1524
470 469
471 407
472 404
473 404
474 403
474 606
474 607
474 1466
475 403
476 477
476 479
476 481
476 1524
476 1525
477 476
478 182
479 476
479 480
479 481
480 479
481 476
481 479
481 482
482 481
483 421
483 422
483 613
484 436
484 437
484 485
485 437
485 484
485 486
486 485
486 487
486 493
487 486
487 488
487 490
488 487
489 429
489 490
489 492
490 487
490 489
490 491
491 490
492 489
493 486
493 494
493 1391
494 493
494 495
494 1387
495 494
496 455
497 460
497 498
497 626
498 497
498 630
498 638
498 667
499 461
499 463
499 1522
500 462
500 501
500 502
500 503
500 626
501 500
502 500
502 503
502 1510
503 500
503 502
503 504
503 1517
503 1518
504 503
504 505
504 628
505 504
505 706
505 710
505 748
506 512
506 513
506 682
506 1511
507 1511
508 463
508 509
508 531
509 508
509 510
509 530
510 509
510 1513
510 1516
510 1519
511 512
511 519
511 524
511 1513
512 506
512 511
512 513
512 514
512 519
513 506
513 512
513 568
513 683
513 710
513 759
513 766
514 512
514 543
514 568
515 532
515 557
515 565
515 589
515 1466
516 517
516 521
516 524
516 528
516 556
516 1466
517 516
517 518
517 520
517 556
518 517
518 519
518 546
518 553
518 555
519 511
519 512
519 518
520 517
521 516
521 522
521 525
521 1466
522 521
522 523
522 525
523 522
523 524
523 530
524 511
524 516
524 523
524 1513
525 521
525 522
525 527
525 1466
526 464
526 527
526 529
526 531
527 402
527 525
527 526
528 516
528 540
528 556
528 1466
529 526
529 530
529 531
530 509
530 523
530 529
531 463
531 508
531 526
531 529
532 515
532 533
532 540
532 552
532 554
533 532
533 534
533 540
533 550
534 533
534 535
534 548
535 534
535 536
535 538
536 535
536 542
536 988
537 538
537 539
537 798
537 799
537 988
538 535
538 537
538 539
538 981
538 988
539 537
539 538
539 549
540 528
540 532
540 533
540 541
540 547
541 540
541 542
541 545
542 536
542 541
542 543
542 988
543 514
543 542
543 544
543 568
544 543
544 545
544 985
544 986
544 987
545 541
545 544
545 546
545 554
546 518
546 545
546 555
547 540
547 568
547 988
548 534
548 550
548 981
549 539
549 762
549 797
549 798
549 981
550 533
550 548
550 551
550 559
550 1468
551 550
551 796
551 797
551 1468
552 532
552 553
552 556
553 518
553 552
553 556
554 532
554 545
554 555
555 518
555 546
555 554
556 516
556 517
556 528
556 552
556 553
557 515
557 558
557 566
558 557
558 559
558 566
559 550
559 558
559 567
560 561
560 795
560 796
560 810
560 980
560 1468
561 560
561 562
561 810
562 561
562 563
562 800
562 811
563 562
563 564
563 566
563 567
563 569
563 573
563 811
563 980
564 563
564 565
564 572
565 515
565 564
565 571
565 594
566 557
566 558
566 563
566 567
567 559
567 563
567 566
568 513
568 514
568 543
568 547
568 760
568 766
569 563
569 570
569 573
569 801
569 802
570 569
570 575
570 802
570 983
571 565
571 572
571 576
571 594
572 564
572 571
572 573
573 563
573 569
573 572
573 574
574 573
574 575
574 982
575 570
575 574
575 982
576 571
576 577
576 594
577 576
578 267
578 579
578 588
579 578
579 580
579 583
579 588
580 579
580 581
580 583
580 596
580 599
581 580
581 582
581 583
581 596
582 581
582 584
582 600
583 579
583 580
583 581
583 584
584 582
584 583
584 585
585 584
585 587
585 818
586 266
586 587
586 588
587 585
587 586
587 588
588 578
588 579
588 586
588 587
588 1466
589 515
589 590
589 594
589 1466
590 589
590 591
590 594
590 595
590 597
590 605
591 590
591 592
591 602
592 591
592 593
592 601
592 602
592 982
593 592
593 806
593 982
593 983
594 565
594 571
594 576
594 589
594 590
595 590
595 596
595 601
596 580
596 581
596 595
596 601
597 590
597 598
597 605
598 597
598 599
598 603
598 604
599 580
599 598
599 603
600 582
600 602
600 806
601 592
601 595
601 596
601 602
602 591
602 592
602 600
602 601
603 267
603 598
603 599
604 598
604 605
604 1466
605 590
605 597
605 604
606 474
607 474
608 413
608 450
608 609
609 608
610 413
611 411
611 423
611 612
612 411
612 423
612 611
612 613
613 422
613 423
613 483
613 612
614 418
614 615
614 616
614 617
615 614
616 614
617 614
618 418
619 445
619 1393
619 1396
620 448
620 454
620 458
620 1523
621 442
621 443
621 444
621 622
621 1390
622 439
622 621
622 1390
623 443
623 444
623 624
624 447
624 623
624 625
625 624
626 460
626 497
626 500
626 627
627 461
627 462
627 626
627 1508
628 504
628 1512
628 1518
629 630
630 498
630 629
630 631
631 630
631 632
631 634
632 631
632 633
632 989
633 632
634 631
634 635
634 636
635 634
636 634
636 637
636 989
637 636
638 498
638 639
638 640
639 638
639 640
639 642
640 638
640 639
640 641
641 640
641 650
641 992
642 639
642 643
642 679
642 680
643 642
643 644
643 652
644 643
644 645
644 648
645 644
645 648
645 650
645 994
646 647
646 684
646 994
647 646
648 644
648 645
648 649
649 648
650 641
650 645
650 993
651 995
652 643
652 653
652 660
652 690
653 652
653 654
653 663
653 693
654 653
654 655
654 662
654 663
654 666
655 654
655 656
655 694
656 655
656 657
656 694
656 695
657 656
657 658
657 689
657 1004
658 657
658 659
658 665
659 658
659 665
659 686
659 997
660 652
660 661
660 663
661 660
661 662
661 663
662 654
662 661
662 664
662 666
663 653
663 654
663 660
663 661
664 662
664 665
664 666
665 658
665 659
665 664
666 654
666 662
666 664
667 498
667 668
667 680
668 667
668 669
668 671
668 674
668 680
669 668
669 670
669 706
669 711
670 669
670 671
670 719
671 668
671 670
671 672
671 681
671 720
672 671
672 673
672 703
673 672
673 704
673 715
673 1530
674 668
674 675
674 681
674 702
675 674
675 676
675 679
675 702
676 675
676 679
676 698
676 702
677 697
677 698
677 701
678 691
678 699
678 701
679 642
679 675
679 676
679 680
680 642
680 667
680 668
680 679
681 671
681 674
681 703
682 506
683 513
684 646
684 685
684 688
685 684
685 686
685 997
686 659
686 685
686 687
686 997
687 686
688 684
689 657
690 652
690 691
690 693
690 697
691 678
691 690
691 692
691 695
692 691
693 653
693 690
693 694
693 695
694 655
694 656
694 693
695 656
695 691
695 693
695 696
696 695
697 677
697 690
697 698
698 676
698 677
698 697
698 699
699 678
699 698
699 700
699 701
699 703
700 699
701 677
701 678
701 699
702 674
702 675
702 676
702 703
703 672
703 681
703 699
703 702
704 673
704 1001
704 1002
705 737
705 998
705 1530
706 505
706 669
706 707
707 706
707 708
707 724
707 748
708 707
708 709
708 724
708 748
709 708
709 710
709 726
709 748
710 505
710 513
710 709
710 748
710 749
711 669
711 712
711 722
711 723
711 724
712 711
712 713
712 723
713 712
713 714
713 723
713 725
713 735
714 713
714 715
714 723
715 673
715 714
715 716
716 715
716 717
716 723
717 716
717 718
717 720
718 717
718 719
718 720
718 722
719 670
719 718
719 720
720 671
720 717
720 718
720 719
721 722
722 711
722 718
722 721
722 723
723 711
723 712
723 713
723 714
723 716
723 722
724 707
724 708
724 711
724 725
725 713
725 724
725 735
726 709
726 727
726 731
727 726
727 728
727 735
728 727
728 730
728 1530
729 1530
730 728
731 726
731 732
731 741
731 750
732 731
732 733
732 745
733 732
733 734
733 736
734 733
735 713
735 725
735 727
736 733
736 737
736 738
737 705
737 736
737 738
738 736
738 737
738 1531
739 740
739 998
739 1531
740 739
740 1010
740 1022
741 731
741 742
741 743
741 744
741 750
742 741
743 741
744 741
745 732
745 746
745 1531
746 745
746 747
746 1427
747 746
748 505
748 707
748 708
748 709
748 710
749 710
749 750
749 751
750 731
750 741
750 749
751 749
751 752
751 759
752 751
752 753
752 755
752 768
753 752
753 756
753 768
754 759
754 766
754 768
754 774
755 752
755 756
755 757
755 780
756 753
756 755
756 757
756 780
757 755
757 756
757 758
758 757
759 513
759 751
759 754
760 568
760 761
760 799
761 760
761 762
761 767
761 769
761 799
762 549
762 761
762 763
763 762
763 764
763 773
763 790
763 797
764 763
764 765
764 790
764 796
765 764
765 792
765 795
765 809
766 513
766 568
766 754
766 767
767 761
767 766
767 768
768 752
768 753
768 754
768 767
769 761
769 770
769 798
770 769
770 771
770 773
770 774
771 770
771 772
771 776
772 771
772 773
772 781
773 763
773 770
773 772
774 754
774 770
774 775
775 774
776 771
776 777
776 812
777 776
777 778
777 812
778 777
778 779
778 780
779 778
780 755
780 756
780 778
781 772
781 782
781 812
782 781
782 783
782 791
782 792
782 813
783 782
783 784
783 787
784 783
784 785
784 786
785 784
786 784
787 783
787 788
787 789
787 813
788 787
789 787
790 763
790 764
790 791
791 782
791 790
791 822
792 765
792 782
792 793
792 809
793 792
793 794
793 805
793 817
794 793
794 807
794 809
795 560
795 765
795 796
795 808
795 810
796 551
796 560
796 764
796 795
796 797
797 549
797 551
797 763
797 796
798 537
798 549
798 769
798 799
799 537
799 760
799 761
799 798
800 562
800 801
800 810
800 811
801 569
801 800
801 802
801 807
802 569
802 570
802 801
802 803
802 984
803 802
803 804
803 984
804 803
804 805
804 806
804 807
805 793
805 804
805 821
806 593
806 600
806 804
806 983
807 794
807 801
807 804
807 808
808 795
808 807
808 809
808 810
809 765
809 792
809 794
809 808
810 560
810 561
810 795
810 800
810 808
811 562
811 563
811 800
812 776
812 777
812 781
813 782
813 787
813 814
814 813
814 815
814 823
815 814
815 816
815 974
816 815
817 793
818 585
818 819
818 841
818 856
818 973
819 818
819 820
819 829
819 973
820 819
820 821
820 825
820 829
821 805
821 820
821 822
822 791
822 821
822 823
822 825
823 814
823 822
823 824
824 823
825 820
825 822
825 826
826 825
826 827
826 830
826 837
827 826
827 828
827 837
828 827
828 829
828 973
829 819
829 820
829 828
830 826
830 831
830 833
831 830
831 832
831 1452
832 831
832 839
832 1053
832 1452
833 830
833 836
833 1469
834 1469
835 1469
836 833
837 826
837 827
837 838
837 846
838 837
838 839
838 972
839 832
839 838
839 840
840 839
841 818
841 842
841 855
842 841
842 870
842 873
843 844
843 873
843 896
844 843
844 845
844 905
845 844
845 852
845 905
845 1059
845 1063
846 837
846 847
846 851
846 873
847 846
847 848
847 852
847 953
848 847
848 849
848 852
849 848
849 850
849 1059
850 849
851 846
852 845
852 847
852 848
852 853
853 852
854 53
854 64
854 855
854 870
855 841
855 854
855 857
856 63
856 818
856 857
857 63
857 855
857 856
858 53
858 870
858 871
858 875
858 877
859 394
859 860
859 1502
860 859
860 861
860 886
860 952
861 860
861 909
861 1467
862 863
862 871
862 880
862 902
863 862
863 864
863 902
864 863
864 865
864 866
864 889
864 890
865 864
865 866
865 900
866 864
866 865
866 867
867 866
867 868
867 900
868 867
868 869
868 1467
869 868
869 898
869 971
869 1467
870 842
870 854
870 858
870 871
871 858
871 862
871 870
871 872
871 877
871 878
872 871
872 873
872 899
873 842
873 843
873 846
873 872
874 50
874 875
874 1501
875 53
875 61
875 858
875 874
875 877
876 47
877 858
877 871
877 875
877 878
878 871
878 877
878 879
879 878
880 862
880 881
880 887
880 889
880 902
881 880
881 882
881 886
882 881
882 883
882 886
883 882
883 884
883 885
884 883
885 883
886 860
886 881
886 882
887 880
887 890
887 970
888 893
888 970
888 1467
889 864
889 880
889 890
889 902
890 864
890 887
890 889
890 891
890 970
891 890
891 892
891 893
892 891
892 893
892 1467
893 888
893 891
893 892
894 383
894 400
894 895
895 894
896 843
896 897
896 899
896 901
897 896
897 898
897 903
898 869
898 897
898 901
898 971
899 872
899 896
899 900
900 865
900 867
900 899
900 901
901 896
901 898
901 900
902 862
902 863
902 880
902 889
903 897
903 904
903 971
904 903
904 971
904 1467
905 844
905 845
905 1063
905 1467
906 396
906 907
906 909
906 913
906 951
906 952
907 906
907 908
907 911
907 952
908 907
908 913
908 915
908 917
908 954
908 969
908 1467
909 861
909 906
909 910
909 952
909 1467
910 909
910 911
910 912
910 1467
911 907
911 910
911 912
911 1467
912 910
912 911
912 1467
913 398
913 906
913 908
913 950
913 951
914 379
915 379
915 908
915 1470
915 1471
916 1459
916 1460
916 1471
917 908
917 951
917 1470
917 1472
918 924
918 925
918 1234
918 1237
918 1467
919 920
919 922
919 925
919 1459
920 919
920 921
920 1271
921 920
921 923
921 1454
921 1457
921 1462
922 919
922 923
922 1459
923 921
923 922
923 1459
923 1462
924 918
924 1237
924 1256
925 918
925 919
925 926
925 1248
925 1255
926 925
926 1270
926 1271
927 928
927 1233
927 1246
927 1247
927 1467
928 927
928 929
928 930
928 1244
929 928
930 928
930 1172
930 1186
930 1229
931 938
931 1245
931 1467
932 933
932 1050
932 1467
933 932
933 934
933 936
933 947
934 933
934 935
934 948
935 934
935 1116
935 1119
936 933
936 937
936 940
936 943
937 936
937 938
937 940
938 931
938 937
938 939
939 938
939 1172
939 1228
940 936
940 937
940 941
941 940
941 942
941 1112
941 1146
942 941
942 1147
942 1149
943 936
943 944
943 1111
944 943
944 945
944 1111
945 944
946 1111
947 933
947 948
947 1051
948 934
948 947
948 1051
948 1074
948 1076
949 378
950 379
950 398
950 913
950 1472
951 906
951 913
951 917
952 860
952 906
952 907
952 909
953 847
954 908
954 960
954 968
954 969
955 956
955 967
955 968
955 1467
956 955
956 957
956 967
957 956
957 958
957 959
958 957
958 1458
958 1467
959 957
960 954
960 961
960 963
960 966
961 960
961 962
961 963
962 961
963 960
963 961
963 964
963 965
964 963
965 963
966 960
966 967
966 968
967 955
967 956
967 966
968 954
968 955
968 966
969 908
969 954
969 1471
970 887
970 888
970 890
971 869
971 898
971 903
971 904
972 838
973 818
973 819
973 828
974 815
974 975
974 1453
975 974
975 976
975 978
976 975
976 977
976 978
977 976
977 1408
977 1409
978 975
978 976
978 979
979 978
980 560
980 563
980 1468
981 538
981 548
981 549
982 574
982 575
982 592
982 593
982 983
983 570
983 593
983 806
983 982
983 984
984 802
984 803
984 983
985 544
986 544
987 544
988 536
988 537
988 538
988 542
988 547
989 632
989 636
989 990
989 991
990 989
991 989
992 641
993 650
994 645
994 646
994 995
995 651
995 994
995 996
996 995
997 659
997 685
997 686
998 705
998 739
998 999
999 998
999 1000
999 1001
999 1022
1000 999
1000 1002
1000 1004
1001 704
1001 999
1001 1002
1001 1003
1002 704
1002 1000
1002 1001
1003 1001
1004 657
1004 1000
1004 1005
1004 1006
1005 1004
1005 1006
1005 1007
1005 1009
1006 1004
1006 1005
1006 1008
1007 1005
1008 1006
1008 1024
1008 1025
1009 1005
1010 740
1010 1011
1010 1013
1011 1010
1011 1012
1011 1013
1011 1398
1012 1011
1012 1398
1012 1403
1013 1010
1013 1011
1013 1014
1013 1397
1014 1013
1014 1015
1014 1019
1015 1014
1015 1016
1015 1018
1016 1015
1016 1017
1016 1033
1017 1016
1017 1027
1017 1033
1018 1015
1019 1014
1019 1020
1019 1038
1019 1415
1020 1019
1020 1021
1020 1399
1021 1020
1021 1400
1021 1405
1021 1423
1022 740
1022 999
1022 1023
1023 1022
1024 1008
1025 1008
1025 1026
1025 1027
1026 1025
1027 1017
1027 1025
1027 1028
1027 1030
1028 1027
1028 1029
1028 1036
1029 1028
1030 1027
1030 1031
1030 1032
1031 1030
1032 1030
1033 1016
1033 1017
1033 1034
1034 1033
1034 1035
1034 1038
1035 1034
1035 1036
1035 1038
1036 1028
1036 1035
1036 1037
1037 1036
1038 1019
1038 1034
1038 1035
1038 1039
1039 1038
1039 1040
1039 1041
1040 1039
1041 1039
1042 1043
1042 1067
1042 1467
1043 1042
1043 1044
1043 1047
1044 1043
1044 1045
1044 1047
1045 1044
1045 1046
1045 1047
1045 1467
1046 1045
1046 1049
1046 1050
1047 1043
1047 1044
1047 1045
1047 1048
1048 1047
1049 1046
1049 1050
1049 1071
1050 932
1050 1046
1050 1049
1050 1051
1051 947
1051 948
1051 1050
1051 1052
1052 1051
1052 1070
1052 1448
1053 832
1053 1054
1053 1450
1054 1053
1054 1055
1054 1060
1055 1054
1055 1056
1055 1060
1056 1055
1056 1057
1056 1060
1057 1056
1057 1058
1057 1062
1057 1069
1058 1057
1058 1059
1058 1066
1059 845
1059 849
1059 1058
1059 1063
1060 1054
1060 1055
1060 1056
1060 1447
1061 1062
1062 1057
1062 1061
1062 1069
1063 845
1063 905
1063 1059
1063 1064
1064 1063
1064 1065
1064 1066
1064 1067
1065 1064
1065 1066
1065 1067
1066 1058
1066 1064
1066 1065
1067 1042
1067 1064
1067 1065
1067 1068
1067 1069
1068 1067
1069 1057
1069 1062
1069 1067
1070 1052
1070 1071
1070 1072
1071 1049
1071 1070
1071 1072
1072 1070
1072 1071
1072 1073
1073 1072
1074 948
1074 1075
1074 1093
1075 1074
1075 1076
1075 1077
1075 1090
1076 948
1076 1075
1076 1090
1077 1075
1077 1078
1077 1091
1078 1077
1078 1079
1078 1084
1079 1078
1079 1080
1079 1107
1079 1126
1080 1079
1080 1081
1080 1108
1081 1080
1081 1082
1081 1109
1082 1081
1082 1083
1082 1132
1083 1082
1084 1078
1084 1085
1084 1107
1085 1084
1085 1086
1085 1107
1086 1085
1086 1087
1086 1099
1086 1110
1087 1086
1087 1088
1087 1103
1088 1087
1088 1089
1088 1110
1089 1088
1090 1075
1090 1076
1090 1091
1091 1077
1091 1090
1091 1092
1092 1091
1093 1074
1093 1094
1093 1095
1094 1093
1094 1095
1094 1097
1095 1093
1095 1094
1095 1096
1096 1095
1096 1097
1096 1100
1097 1094
1097 1096
1097 1098
1098 1097
1098 1099
1098 1100
1099 1086
1099 1098
1099 1101
1100 1096
1100 1098
1100 1101
1101 1099
1101 1100
1101 1102
1101 1105
1102 1101
1102 1103
1102 1106
1103 1087
1103 1102
1103 1104
1104 1103
1105 1101
1106 1102
1107 1079
1107 1084
1107 1085
1107 1108
1108 1080
1108 1107
1108 1109
1109 1081
1109 1108
1109 1110
1110 1086
1110 1088
1110 1109
1111 943
1111 944
1111 946
1112 941
1112 1113
1112 1142
1112 1148
1113 1112
1113 1114
1113 1142
1114 1113
1114 1115
1114 1153
1115 1114
1115 1139
1115 1152
1115 1154
1116 935
1116 1117
1116 1131
1116 1132
1117 1116
1117 1118
1117 1133
1118 1117
1119 935
1119 1120
1119 1127
1120 1119
1120 1121
1120 1127
1120 1130
1121 1120
1121 1122
1121 1130
1122 1121
1122 1123
1122 1130
1123 1122
1123 1124
1123 1129
1124 1123
1124 1125
1124 1126
1124 1129
1125 1124
1125 1126
1125 1129
1126 1079
1126 1124
1126 1125
1127 1119
1127 1120
1127 1128
1127 1130
1128 1127
1128 1129
1128 1130
1129 1123
1129 1124
1129 1125
1129 1128
1130 1120
1130 1121
1130 1122
1130 1127
1130 1128
1131 1116
1131 1132
1131 1134
1132 1082
1132 1116
1132 1131
1132 1133
1133 1117
1133 1132
1133 1135
1134 1131
1135 1133
1135 1136
1135 1137
1136 1135
1136 1137
1136 1139
1137 1135
1137 1136
1137 1138
1138 1137
1139 1115
1139 1136
1139 1140
1140 1139
1141 1142
1141 1143
1141 1169
1142 1112
1142 1113
1142 1141
1142 1153
1143 1141
1143 1144
1143 1168
1144 1143
1144 1145
1144 1146
1144 1165
1144 1184
1145 1144
1145 1146
1145 1151
1146 941
1146 1144
1146 1145
1146 1147
1146 1172
1147 942
1147 1146
1147 1149
1148 1112
1148 1149
1148 1150
1149 942
1149 1147
1149 1148
1149 1150
1149 1151
1150 1148
1150 1149
1150 1151
1151 1145
1151 1149
1151 1150
1152 1115
1152 1153
1152 1154
1153 1114
1153 1142
1153 1152
1154 1115
1154 1152
1154 1155
1154 1157
1155 1154
1155 1156
1155 1159
1156 1155
1156 1157
1156 1160
1157 1154
1157 1156
1157 1158
1158 1157
1158 1160
1158 1161
1159 1155
1159 1160
1159 1170
1160 1156
1160 1158
1160 1159
1161 1158
1161 1162
1161 1163
1162 1161
1163 1161
1163 1164
1163 1171
1164 1163
1164 1165
1164 1185
1164 1187
1165 1144
1165 1164
1165 1166
1165 1184
1165 1185
1166 1165
1166 1167
1166 1168
1167 1166
1167 1168
1167 1171
1168 1143
1168 1166
1168 1167
1168 1171
1169 1141
1169 1170
1169 1171
1170 1159
1170 1169
1170 1171
1171 1163
1171 1167
1171 1168
1171 1169
1171 1170
1172 930
1172 939
1172 1146
1172 1173
1172 1184
1172 1186
1173 1172
1173 1174
1173 1185
1173 1186
1174 1173
1174 1175
1174 1185
1174 1186
1174 1242
1175 1174
1175 1176
1175 1185
1175 1204
1176 1175
1176 1177
1176 1200
1177 1176
1177 1178
1177 1200
1178 1177
1178 1179
1178 1217
1179 1178
1179 1180
1179 1217
1180 1179
1180 1181
1180 1197
1181 1180
1181 1182
1181 1188
1181 1194
1182 1181
1182 1183
1182 1199
1183 1182
1183 1192
1183 1193
1183 1199
1184 1144
1184 1165
1184 1172
1184 1185
1185 1164
1185 1165
1185 1173
1185 1174
1185 1175
1185 1184
1185 1187
1186 930
1186 1172
1186 1173
1186 1174
1186 1243
1187 1164
1187 1185
1187 1188
1188 1181
1188 1187
1188 1189
1189 1188
1189 1190
1189 1191
1190 1189
1191 1189
1192 1183
1193 1183
1194 1181
1194 1195
1194 1196
1195 1194
1196 1194
1197 1180
1197 1198
1197 1199
1198 1197
1199 1182
1199 1183
1199 1197
1200 1176
1200 1177
1200 1201
1200 1203
1201 1200
1201 1202
1201 1217
1202 1201
1202 1203
1202 1216
1203 1200
1203 1202
1203 1204
1204 1175
1204 1203
1204 1205
1204 1221
1205 1204
1205 1206
1205 1220
1206 1205
1206 1207
1206 1218
1207 1206
1207 1208
1207 1218
1207 1227
1208 1207
1208 1209
1208 1216
1209 1208
1209 1210
1209 1216
1209 1217
1210 1209
1210 1211
1210 1217
1211 1210
1211 1212
1211 1227
1212 1211
1212 1213
1212 1219
1213 1212
1213 1214
1213 1227
1214 1213
1214 1215
1214 1463
1215 1214
1216 1202
1216 1208
1216 1209
1217 1178
1217 1179
1217 1201
1217 1209
1217 1210
1218 1206
1218 1207
1218 1223
1219 1212
1220 1205
1220 1221
1220 1222
1221 1204
1221 1220
1221 1224
1222 1220
1222 1223
1222 1463
1223 1218
1223 1222
1223 1463
1224 1221
1224 1225
1224 1249
1224 1262
1225 1224
1225 1226
1225 1269
1226 1225
1226 1267
1226 1268
1227 1207
1227 1211
1227 1213
1228 939
1229 930
1229 1230
1229 1237
1230 1229
1230 1231
1230 1236
1231 1230
1231 1232
1231 1236
1232 1231
1232 1233
1232 1235
1233 927
1233 1232
1233 1234
1234 918
1234 1233
1234 1235
1235 1232
1235 1234
1235 1236
1236 1230
1236 1231
1236 1235
1237 918
1237 924
1237 1229
1237 1238
1237 1256
1238 1237
1238 1239
1238 1244
1238 1253
1239 1238
1239 1240
1239 1244
1239 1257
1240 1239
1240 1241
1240 1251
1241 1240
1241 1242
1241 1244
1242 1174
1242 1241
1242 1243
1243 1186
1243 1242
1243 1244
1244 928
1244 1238
1244 1239
1244 1241
1244 1243
1245 931
1245 1246
1245 1247
1246 927
1246 1245
1246 1247
1247 927
1247 1245
1247 1246
1248 925
1248 1249
1248 1270
1249 1224
1249 1248
1249 1250
1250 1249
1250 1251
1250 1259
1251 1240
1251 1250
1251 1252
1251 1257
1251 1260
1251 1261
1252 1251
1253 1238
1253 1254
1253 1256
1253 1257
1254 1253
1254 1255
1254 1258
1255 925
1255 1254
1255 1256
1255 1258
1255 1259
1256 924
1256 1237
1256 1253
1256 1255
1257 1239
1257 1251
1257 1253
1257 1258
1258 1254
1258 1255
1258 1257
1258 1259
1259 1250
1259 1255
1259 1258
1260 1251
1261 1251
1262 1224
1262 1263
1262 1269
1263 1262
1263 1264
1263 1268
1264 1263
1264 1265
1264 1266
1264 1267
1265 1264
1266 1264
1267 1226
1267 1264
1267 1268
1268 1226
1268 1263
1268 1267
1268 1269
1269 1225
1269 1262
1269 1268
1270 926
1270 1248
1270 1271
1271 920
1271 926
1271 1270
1272 354
1272 1273
1272 1274
1273 1272
1273 1277
1273 1278
1274 1272
1274 1275
1274 1284
1275 1274
1275 1276
1275 1286
1276 1275
1276 1277
1276 1280
1277 1273
1277 1276
1277 1278
1278 1273
1278 1277
1278 1279
1279 1278
1280 1276
1280 1281
1280 1287
1281 1280
1282 343
1282 347
1282 1283
1282 1294
1283 1282
1284 347
1284 1274
1284 1285
1284 1293
1285 1284
1285 1286
1285 1288
1285 1289
1286 1275
1286 1285
1286 1287
1287 1280
1287 1286
1287 1288
1288 1285
1288 1287
1288 1289
1289 1285
1289 1288
1289 1290
1289 1293
1290 1289
1290 1291
1290 1292
1291 1290
1292 1290
1293 1284
1293 1289
1293 1294
1294 1282
1294 1293
1294 1295
1294 1304
1295 1294
1295 1296
1295 1299
1296 1295
1296 1297
1296 1298
1297 1296
1298 1296
1299 1295
1299 1300
1299 1303
1300 1299
1300 1301
1300 1303
1301 1300
1301 1302
1301 1303
1302 1301
1303 1299
1303 1300
1303 1301
1304 1294
1304 1305
1304 1308
1305 1304
1305 1306
1305 1307
1306 1305
1307 1305
1308 1304
1308 1309
1308 1313
1309 1308
1310 326
1310 332
1310 1311
1311 1310
1311 1312
1311 1315
1312 1311
1312 1313
1312 1315
1313 1308
1313 1312
1313 1314
1314 1313
1315 1311
1315 1312
1315 1316
1316 332
1316 1315
1316 1317
1317 1316
1318 326
1318 1319
1318 1322
1319 1318
1319 1320
1319 1321
1320 1319
1321 1319
1322 1318
1322 1323
1322 1327
1323 326
1323 340
1323 1322
1324 319
1324 325
1324 326
1325 340
1325 1326
1325 1329
1326 1325
1327 1322
1328 339
1328 1329
1328 1331
1328 1332
1328 1335
1328 1338
1329 1325
1329 1328
1329 1330
1330 1329
1331 1328
1332 1328
1332 1333
1332 1334
1333 1332
1334 1332
1335 1328
1335 1336
1335 1337
1336 1335
1337 1335
1338 1328
1338 1339
1338 1341
1338 1342
1339 1338
1340 319
1340 321
1340 322
1341 310
1341 1338
1341 1342
1342 1338
1342 1341
1342 1345
1343 322
1343 1344
1343 1345
1344 322
1344 1343
1344 1345
1345 1342
1345 1343
1345 1344
1346 300
1346 1347
1346 1350
1347 1346
1347 1348
1347 1350
1347 1351
1348 1347
1348 1349
1348 1350
1348 1351
1349 1348
1350 1346
1350 1347
1350 1348
1351 1347
1351 1348
1351 1364
1352 299
1352 300
1352 302
1353 299
1353 301
1353 302
1354 302
1355 240
1356 215
1356 241
1356 1357
1357 1356
1357 1358
1357 1359
1358 1357
1359 1357
1360 288
1360 1361
1360 1362
1361 289
1361 1360
1361 1362
1361 1364
1362 1360
1362 1361
1362 1363
1363 1362
1364 1351
1364 1361
1364 1365
1365 1364
1366 279
1366 282
1366 286
1366 1367
1367 1366
1367 1368
1367 1373
1368 1367
1368 1369
1368 1371
1368 1372
1369 276
1369 1368
1369 1370
1370 1369
1371 1368
1372 1368
1373 1367
1374 274
1374 276
1374 1375
1375 1374
1376 272
1376 1377
1376 1378
1377 1376
1378 1376
1378 1379
1378 1380
1379 1378
1380 1378
1381 271
1381 1382
1381 1383
1382 1381
1383 1381
1384 426
1384 1385
1384 1386
1385 1384
1386 1384
1387 494
1387 1388
1387 1389
1388 1387
1389 1387
1390 621
1390 622
1390 1391
1391 445
1391 493
1391 1390
1392 445
1393 445
1393 619
1393 1394
1393 1395
1394 1393
1395 1393
1396 619
1397 1013
1398 1011
1398 1012
1398 1399
1398 1401
1398 1402
1398 1403
1399 1020
1399 1398
1399 1400
1400 1021
1400 1399
1400 1401
1401 1398
1401 1400
1401 1402
1402 1398
1402 1401
1402 1403
1402 1411
1403 1012
1403 1398
1403 1402
1403 1404
1403 1409
1404 1403
1405 1021
1405 1406
1405 1407
1406 1405
1406 1407
1406 1413
1407 1405
1407 1406
1407 1408
1407 1414
1408 977
1408 1407
1408 1428
1408 1429
1409 977
1409 1403
1409 1410
1410 1409
1410 1411
1410 1413
1411 1402
1411 1410
1411 1413
1412 1413
1413 1406
1413 1410
1413 1411
1413 1412
1414 1407
1415 1019
1415 1416
1415 1426
1416 1415
1416 1417
1416 1420
1417 1416
1417 1418
1417 1419
1418 1417
1419 1417
1420 1416
1420 1421
1420 1422
1421 1420
1422 1420
1423 1021
1423 1424
1423 1426
1424 1423
1424 1425
1424 1426
1425 1424
1426 1415
1426 1423
1426 1424
1427 746
1428 1408
1429 1408
1429 1430
1429 1441
1430 1429
1431 1432
1431 1442
1431 1445
1431 1446
1431 1447
1431 1453
1432 1431
1432 1433
1432 1438
1433 1432
1433 1434
1433 1446
1434 1433
1434 1435
1434 1437
1435 1434
1435 1436
1435 1439
1436 1435
1437 1434
1438 1432
1438 1439
1438 1440
1439 1435
1439 1438
1439 1441
1440 1438
1440 1441
1440 1442
1441 1429
1441 1439
1441 1440
1442 1431
1442 1440
1442 1443
1442 1444
1443 1442
1444 1442
1445 1431
1446 1431
1446 1433
1446 1447
1446 1448
1447 1060
1447 1431
1447 1446
1448 1052
1448 1446
1448 1449
1449 1448
1450 1053
1450 1451
1450 1453
1451 1450
1451 1452
1451 1453
1452 831
1452 832
1452 1451
1453 974
1453 1431
1453 1450
1453 1451
1454 921
1454 1455
1454 1456
1455 1454
1456 1454
1457 921
1458 958
1459 916
1459 919
1459 922
1459 923
1460 916
1460 1461
1460 1462
1461 1460
1462 921
1462 923
1462 1460
1463 1214
1463 1222
1463 1223
1464 28
1464 30
1464 31
1465 162
1465 163
1465 1466
1466 35
1466 36
1466 93
1466 107
1466 115
1466 118
1466 124
1466 173
1466 176
1466 264
1466 265
1466 266
1466 267
1466 402
1466 403
1466 404
1466 407
1466 414
1466 474
1466 515
1466 516
1466 521
1466 525
1466 528
1466 588
1466 589
1466 604
1466 1465
1467 861
1467 868
1467 869
1467 888
1467 892
1467 904
1467 905
1467 908
1467 909
1467 910
1467 911
1467 912
1467 918
1467 927
1467 931
1467 932
1467 955
1467 958
1467 1042
1467 1045
1468 550
1468 551
1468 560
1468 980
1469 833
1469 834
1469 835
1470 915
1470 917
1470 1472
1471 915
1471 916
1471 969
1472 379
1472 917
1472 950
1472 1470
1473 74
1473 233
1473 237
1473 1480
1474 133
1474 138
1474 1475
1474 1477
1474 1478
1475 1474
1476 132
1476 154
1476 1477
1477 138
1477 1474
1477 1476
1478 138
1478 1474
1478 1479
1479 135
1479 231
1479 1478
1480 233
1480 238
1480 1473
1480 1483
1481 66
1481 1482
1481 1486
1482 238
1482 1481
1482 1483
1483 1480
1483 1482
1483 1484
1484 233
1484 1483
1484 1489
1485 234
1485 238
1485 242
1486 234
1486 249
1486 1481
1487 4
1487 11
1487 1488
1488 1487
1488 1489
1488 1490
1489 66
1489 1484
1489 1488
1490 1488
1490 1491
1490 1492
1491 66
1491 1490
1491 1492
1492 1490
1492 1491
1492 1493
1493 70
1493 1492
1493 1494
1494 70
1494 1493
1494 1498
1495 18
1495 1496
1495 1503
1496 14
1496 67
1496 1495
1497 13
1497 67
1497 70
1498 71
1498 251
1498 1494
1499 26
1499 27
1499 1500
1500 27
1500 28
1500 1499
1501 30
1501 42
1501 874
1501 1502
1502 30
1502 859
1502 1501
1503 12
1503 17
1503 21
1503 1495
1504 38
1504 40
1504 51
1505 462
1505 463
1505 1506
1505 1509
1506 1505
1506 1507
1506 1509
1507 1506
1507 1516
1507 1520
1508 461
1508 462
1508 627
1509 1505
1509 1506
1509 1510
1510 462
1510 502
1510 1509
1510 1521
1511 506
1511 507
1511 1512
1512 628
1512 1511
1512 1514
1512 1515
1513 510
1513 511
1513 524
1513 1514
1513 1519
1514 1512
1514 1513
1514 1515
1514 1516
1514 1519
1515 1512
1515 1514
1515 1516
1515 1518
1516 510
1516 1507
1516 1514
1516 1515
1516 1517
1516 1520
1517 503
1517 1516
1517 1518
1517 1520
1517 1521
1518 503
1518 628
1518 1515
1518 1517
1519 510
1519 1513
1519 1514
1520 1507
1520 1516
1520 1517
1520 1521
1521 1510
1521 1517
1521 1520
1522 455
1522 457
1522 459
1522 499
1523 446
1523 448
1523 620
1524 469
1524 476
1524 1525
1525 181
1525 476
1525 1524
1525 1526
1526 1525
1527 193
1527 198
1527 280
1528 142
1528 158
1528 159
1528 162
1529 159
1529 160
1529 200
1530 673
1530 705
1530 728
1530 729
1531 738
1531 739
1531 745
