Graph: Fungal Graph BA
Number of Nodes: 1531
Number of Edges: 1530
Degree Average: 1.998693664271718
Degree Variance: 11.796209919874945
Diameter: 16
Radius: 8
Average Eccentricity: 11.796864794252123
Number of Connected Components: 1
Largest Connected Component: 1531
Degree Distribution: [67, 60, 47, 35, 33, 33, 19, 17, 17, 17, 16, 15, 14, 13, 12, 12, 12, 12, 12, 11, 11, 11, 11, 11, 11, 10, 10, 10, 10, 9, 9, 9, 9, 9, 8, 8, 8, 8, 8, 8, 8, 7, 7, 7, 7, 7, 7, 7, 7, 7, 7, 7, 6, 6, 6, 6, 6, 6, 6, 6, 6, 6, 6, 6, 6, 6, 6, 6, 6, 6, 5, 5, 5, 5, 5, 5, 5, 5, 5, 5, 5, 5, 5, 5, 5, 5, 5, 5, 5, 5, 5, 5, 5, 5, 5, 5, 5, 5, 4, 4, 4, 4, 4, 4, 4, 4, 4, 4, 4, 4, 4, 4, 4, 4, 4, 4, 4, 4, 4, 4, 4, 4, 4, 4, 4, 4, 4, 4, 4, 4, 4, 4, 4, 4, 4, 4, 4, 4, 4, 4, 4, 4, 4, 4, 3, 3, 3, 3, 3, 3, 3, 3, 3, 3, 3, 3, 3, 3, 3, 3, 3, 3, 3, 3, 3, 3, 3, 3, 3, 3, 3, 3, 3, 3, 3, 3, 3, 3, 3, 3, 3, 3, 3, 3, 3, 3, 3, 3, 3, 3, 3, 3, 3, 3, 3, 3, 3, 3, 3, 3, 3, 3, 3, 3, 3, 3, 3, 3, 3, 3, 3, 3, 3, 3, 3, 3, 3, 3, 3, 3, 3, 3, 3, 3, 3, 3, 3, 3, 3, 3, 3, 3, 3, 3, 3, 3, 3, 3, 3, 3, 3, 3, 3, 3, 3, 3, 3, 3, 3, 2, 2, 2, 2, 2, 2, 2, 2, 2, 2, 2, 2, 2, 2, 2, 2, 2, 2, 2, 2, 2, 2, 2, 2, 2, 2, 2, 2, 2, 2, 2, 2, 2, 2, 2, 2, 2, 2, 2, 2, 2, 2, 2, 2, 2, 2, 2, 2, 2, 2, 2, 2, 2, 2, 2, 2, 2, 2, 2, 2, 2, 2, 2, 2, 2, 2, 2, 2, 2, 2, 2, 2, 2, 2, 2, 2, 2, 2, 2, 2, 2, 2, 2, 2, 2, 2, 2, 2, 2, 2, 2, 2, 2, 2, 2, 2, 2, 2, 2, 2, 2, 2, 2, 2, 2, 2, 2, 2, 2, 2, 2, 2, 2, 2, 2, 2, 2, 2, 2, 2, 2, 2, 2, 2, 2, 2, 2, 2, 2, 2, 2, 2, 2, 2, 2, 2, 2, 2, 2, 2, 2, 2, 2, 2, 2, 2, 2, 2, 2, 2, 2, 2, 2, 2, 2, 2, 2, 2, 2, 2, 2, 2, 2, 2, 2, 2, 2, 2, 2, 2, 2, 2, 2, 2, 2, 2, 2, 2, 2, 2, 2, 2, 2, 2, 2, 2, 2, 2, 2, 2, 2, 2, 2, 2, 2, 2, 2, 2, 2, 2, 2, 2, 2, 2, 2, 2, 2, 2, 2, 2, 2, 2, 2, 2, 2, 2, 2, 2, 2, 2, 2, 2, 2, 2, 2, 2, 2, 2, 2, 2, 2, 2, 2, 2, 2, 2, 2, 2, 2, 2, 2, 2, 2, 2, 2, 2, 2, 2, 2, 2, 2, 2, 2, 2, 2, 2, 2, 2, 2, 2, 2, 2, 2, 2, 2, 2, 2, 2, 2, 2, 2, 2, 2, 2, 2, 2, 2, 2, 2, 2, 2, 2, 2, 2, 1, 1, 1, 1, 1, 1, 1, 1, 1, 1, 1, 1, 1, 1, 1, 1, 1, 1, 1, 1, 1, 1, 1, 1, 1, 1, 1, 1, 1, 1, 1, 1, 1, 1, 1, 1, 1, 1, 1, 1, 1, 1, 1, 1, 1, 1, 1, 1, 1, 1, 1, 1, 1, 1, 1, 1, 1, 1, 1, 1, 1, 1, 1, 1, 1, 1, 1, 1, 1, 1, 1, 1, 1, 1, 1, 1, 1, 1, 1, 1, 1, 1, 1, 1, 1, 1, 1, 1, 1, 1, 1, 1, 1, 1, 1, 1, 1, 1, 1, 1, 1, 1, 1, 1, 1, 1, 1, 1, 1, 1, 1, 1, 1, 1, 1, 1, 1, 1, 1, 1, 1, 1, 1, 1, 1, 1, 1, 1, 1, 1, 1, 1, 1, 1, 1, 1, 1, 1, 1, 1, 1, 1, 1, 1, 1, 1, 1, 1, 1, 1, 1, 1, 1, 1, 1, 1, 1, 1, 1, 1, 1, 1, 1, 1, 1, 1, 1, 1, 1, 1, 1, 1, 1, 1, 1, 1, 1, 1, 1, 1, 1, 1, 1, 1, 1, 1, 1, 1, 1, 1, 1, 1, 1, 1, 1, 1, 1, 1, 1, 1, 1, 1, 1, 1, 1, 1, 1, 1, 1, 1, 1, 1, 1, 1, 1, 1, 1, 1, 1, 1, 1, 1, 1, 1, 1, 1, 1, 1, 1, 1, 1, 1, 1, 1, 1, 1, 1, 1, 1, 1, 1, 1, 1, 1, 1, 1, 1, 1, 1, 1, 1, 1, 1, 1, 1, 1, 1, 1, 1, 1, 1, 1, 1, 1, 1, 1, 1, 1, 1, 1, 1, 1, 1, 1, 1, 1, 1, 1, 1, 1, 1, 1, 1, 1, 1, 1, 1, 1, 1, 1, 1, 1, 1, 1, 1, 1, 1, 1, 1, 1, 1, 1, 1, 1, 1, 1, 1, 1, 1, 1, 1, 1, 1, 1, 1, 1, 1, 1, 1, 1, 1, 1, 1, 1, 1, 1, 1, 1, 1, 1, 1, 1, 1, 1, 1, 1, 1, 1, 1, 1, 1, 1, 1, 1, 1, 1, 1, 1, 1, 1, 1, 1, 1, 1, 1, 1, 1, 1, 1, 1, 1, 1, 1, 1, 1, 1, 1, 1, 1, 1, 1, 1, 1, 1, 1, 1, 1, 1, 1, 1, 1, 1, 1, 1, 1, 1, 1, 1, 1, 1, 1, 1, 1, 1, 1, 1, 1, 1, 1, 1, 1, 1, 1, 1, 1, 1, 1, 1, 1, 1, 1, 1, 1, 1, 1, 1, 1, 1, 1, 1, 1, 1, 1, 1, 1, 1, 1, 1, 1, 1, 1, 1, 1, 1, 1, 1, 1, 1, 1, 1, 1, 1, 1, 1, 1, 1, 1, 1, 1, 1, 1, 1, 1, 1, 1, 1, 1, 1, 1, 1, 1, 1, 1, 1, 1, 1, 1, 1, 1, 1, 1, 1, 1, 1, 1, 1, 1, 1, 1, 1, 1, 1, 1, 1, 1, 1, 1, 1, 1, 1, 1, 1, 1, 1, 1, 1, 1, 1, 1, 1, 1, 1, 1, 1, 1, 1, 1, 1, 1, 1, 1, 1, 1, 1, 1, 1, 1, 1, 1, 1, 1, 1, 1, 1, 1, 1, 1, 1, 1, 1, 1, 1, 1, 1, 1, 1, 1, 1, 1, 1, 1, 1, 1, 1, 1, 1, 1, 1, 1, 1, 1, 1, 1, 1, 1, 1, 1, 1, 1, 1, 1, 1, 1, 1, 1, 1, 1, 1, 1, 1, 1, 1, 1, 1, 1, 1, 1, 1, 1, 1, 1, 1, 1, 1, 1, 1, 1, 1, 1, 1, 1, 1, 1, 1, 1, 1, 1, 1, 1, 1, 1, 1, 1, 1, 1, 1, 1, 1, 1, 1, 1, 1, 1, 1, 1, 1, 1, 1, 1, 1, 1, 1, 1, 1, 1, 1, 1, 1, 1, 1, 1, 1, 1, 1, 1, 1, 1, 1, 1, 1, 1, 1, 1, 1, 1, 1, 1, 1, 1, 1, 1, 1, 1, 1, 1, 1, 1, 1, 1, 1, 1, 1, 1, 1, 1, 1, 1, 1, 1, 1, 1, 1, 1, 1, 1, 1, 1, 1, 1, 1, 1, 1, 1, 1, 1, 1, 1, 1, 1, 1, 1, 1, 1, 1, 1, 1, 1, 1, 1, 1, 1, 1, 1, 1, 1, 1, 1, 1, 1, 1, 1, 1, 1, 1, 1, 1, 1, 1, 1, 1, 1, 1, 1, 1, 1, 1, 1, 1, 1, 1, 1, 1, 1, 1, 1, 1, 1, 1, 1, 1, 1, 1, 1, 1, 1, 1, 1, 1, 1, 1, 1, 1, 1, 1, 1, 1, 1, 1, 1, 1, 1, 1, 1, 1, 1, 1, 1, 1, 1, 1, 1, 1, 1, 1, 1, 1, 1, 1, 1, 1, 1, 1, 1, 1, 1, 1, 1, 1, 1, 1, 1, 1, 1, 1, 1, 1, 1, 1, 1, 1, 1, 1, 1, 1, 1, 1, 1, 1, 1, 1, 1, 1, 1, 1, 1, 1, 1, 1, 1, 1, 1, 1, 1, 1, 1, 1, 1, 1, 1, 1, 1, 1, 1, 1, 1, 1, 1, 1, 1, 1, 1, 1, 1, 1, 1, 1, 1, 1, 1, 1, 1, 1, 1, 1, 1, 1, 1, 1, 1, 1, 1, 1, 1, 1, 1, 1, 1, 1, 1, 1, 1, 1, 1, 1, 1, 1, 1, 1, 1, 1, 1, 1, 1, 1, 1, 1, 1, 1, 1, 1, 1, 1, 1, 1, 1, 1, 1, 1, 1, 1, 1, 1, 1, 1, 1, 1, 1, 1, 1, 1, 1, 1, 1, 1, 1, 1, 1, 1, 1, 1, 1, 1, 1, 1, 1, 1, 1, 1, 1, 1, 1, 1, 1, 1, 1, 1, 1, 1, 1, 1, 1, 1, 1, 1, 1, 1, 1, 1, 1, 1, 1, 1, 1, 1, 1, 1, 1, 1, 1, 1, 1, 1, 1, 1, 1, 1, 1, 1, 1, 1, 1, 1, 1, 1, 1, 1, 1, 1, 1, 1, 1, 1, 1, 1, 1, 1, 1, 1, 1, 1, 1, 1, 1, 1, 1, 1, 1, 1]
Longest Shortest Paths: [10, 9, 11, 10, 10, 11, 11, 11, 11, 11, 11, 11, 11, 11, 12, 11, 12, 11, 11, 12, 12, 12, 11, 11, 11, 12, 13, 11, 11, 11, 12, 11, 11, 12, 11, 11, 13, 12, 11, 11, 11, 12, 11, 12, 12, 11, 11, 11, 11, 12, 11, 11, 12, 12, 11, 11, 11, 13, 12, 13, 12, 12, 11, 11, 12, 12, 12, 12, 13, 12, 12, 12, 13, 13, 10, 11, 13, 12, 12, 12, 12, 11, 12, 12, 13, 13, 12, 13, 12, 13, 12, 13, 11, 13, 11, 12, 12, 11, 12, 10, 11, 14, 13, 14, 11, 10, 12, 12, 13, 11, 12, 13, 12, 14, 12, 11, 11, 10, 12, 12, 13, 13, 12, 12, 12, 14, 11, 12, 12, 12, 12, 12, 12, 12, 11, 12, 13, 11, 14, 13, 13, 13, 12, 14, 13, 11, 12, 14, 13, 12, 13, 14, 10, 12, 12, 13, 12, 12, 12, 13, 12, 10, 12, 10, 12, 11, 13, 14, 13, 13, 10, 14, 13, 12, 13, 11, 12, 12, 12, 12, 11, 13, 13, 12, 11, 13, 13, 12, 13, 13, 12, 14, 13, 11, 12, 11, 13, 13, 14, 12, 12, 11, 13, 14, 11, 11, 12, 12, 12, 12, 11, 11, 12, 13, 12, 11, 11, 13, 12, 13, 15, 11, 11, 11, 13, 12, 13, 12, 13, 12, 14, 12, 12, 12, 10, 12, 11, 13, 13, 12, 12, 14, 12, 13, 13, 13, 12, 15, 11, 11, 11, 14, 13, 13, 11, 11, 12, 12, 13, 12, 12, 11, 13, 12, 13, 12, 13, 13, 11, 12, 13, 12, 13, 12, 13, 12, 13, 14, 14, 10, 13, 13, 13, 13, 10, 12, 12, 12, 12, 13, 12, 14, 13, 13, 13, 13, 12, 10, 11, 12, 14, 11, 12, 13, 13, 13, 12, 14, 12, 13, 12, 12, 15, 13, 14, 12, 11, 13, 14, 13, 13, 10, 12, 13, 14, 12, 10, 12, 12, 12, 13, 10, 15, 13, 12, 12, 14, 12, 13, 10, 12, 13, 14, 12, 13, 12, 13, 12, 12, 14, 14, 14, 13, 13, 12, 11, 11, 12, 13, 12, 12, 14, 11, 13, 13, 12, 13, 13, 13, 12, 10, 14, 14, 13, 12, 13, 11, 13, 12, 13, 13, 12, 13, 12, 12, 13, 13, 12, 13, 12, 13, 11, 11, 14, 12, 13, 13, 13, 14, 13, 15, 12, 14, 13, 12, 14, 12, 13, 13, 13, 13, 12, 15, 13, 13, 14, 11, 11, 13, 11, 14, 14, 14, 12, 12, 11, 13, 11, 13, 12, 14, 10, 12, 13, 13, 14, 13, 13, 13, 12, 12, 14, 13, 11, 10, 13, 13, 12, 13, 13, 11, 13, 12, 12, 12, 11, 14, 12, 13, 13, 13, 13, 15, 13, 13, 10, 13, 13, 13, 11, 12, 11, 12, 10, 14, 12, 11, 10, 10, 12, 11, 14, 14, 15, 13, 13, 10, 14, 13, 13, 12, 13, 13, 10, 12, 12, 13, 11, 12, 14, 12, 14, 13, 12, 12, 14, 13, 13, 13, 12, 14, 12, 13, 13, 12, 12, 11, 13, 12, 10, 13, 13, 14, 12, 11, 14, 15, 14, 12, 10, 14, 13, 13, 12, 13, 12, 11, 13, 12, 11, 13, 10, 14, 15, 11, 12, 12, 14, 13, 13, 14, 12, 10, 14, 16, 12, 13, 13, 11, 12, 11, 15, 14, 13, 13, 13, 12, 13, 12, 13, 13, 12, 12, 12, 13, 14, 11, 11, 12, 13, 13, 14, 14, 13, 15, 13, 11, 11, 13, 11, 14, 12, 13, 13, 13, 13, 14, 13, 15, 15, 13, 12, 14, 12, 10, 13, 14, 10, 11, 16, 14, 14, 15, 11, 12, 13, 12, 14, 15, 13, 13, 13, 12, 12, 12, 10, 11, 13, 12, 12, 13, 12, 14, 12, 15, 11, 12, 11, 12, 14, 13, 12, 13, 13, 12, 13, 13, 13, 13, 14, 14, 13, 12, 13, 13, 15, 12, 14, 13, 10, 14, 13, 13, 12, 13, 13, 14, 12, 14, 14, 12, 13, 13, 13, 14, 11, 14, 12, 15, 13, 13, 12, 12, 13, 13, 12, 13, 13, 14, 12, 12, 13, 14, 14, 14, 12, 14, 14, 14, 13, 16, 14, 12, 14, 14, 12, 15, 14, 12, 13, 13, 11, 15, 11, 13, 10, 12, 14, 13, 14, 13, 12, 12, 10, 10, 15, 14, 14, 13, 15, 12, 11, 14, 14, 14, 14, 11, 12, 12, 10, 12, 12, 13, 12, 13, 13, 10, 12, 14, 13, 13, 10, 13, 12, 13, 13, 14, 13, 11, 15, 14, 14, 13, 14, 11, 12, 13, 12, 14, 12, 13, 14, 14, 12, 14, 15, 14, 13, 13, 13, 11, 14, 15, 13, 12, 13, 14, 14, 14, 12, 11, 13, 12, 13, 12, 14, 13, 11, 13, 14, 12, 11, 12, 13, 14, 15, 13, 13, 15, 12, 15, 12, 14, 12, 14, 13, 12, 14, 14, 11, 14, 12, 15, 14, 13, 13, 11, 16, 13, 10, 12, 13, 13, 14, 12, 12, 13, 13, 15, 11, 14, 12, 15, 11, 13, 14, 13, 11, 13, 11, 14, 12, 13, 14, 15, 15, 12, 11, 15, 13, 11, 14, 14, 14, 12, 14, 13, 12, 13, 16, 15, 12, 14, 11, 13, 14, 14, 13, 12, 14, 12, 13, 12, 14, 12, 11, 11, 12, 15, 12, 13, 14, 12, 12, 13, 14, 14, 14, 10, 12, 13, 14, 14, 11, 13, 12, 14, 13, 14, 14, 13, 13, 14, 10, 14, 13, 10, 11, 12, 12, 13, 11, 14, 14, 12, 15, 11, 12, 15, 13, 12, 14, 12, 12, 11, 14, 13, 14, 12, 13, 14, 13, 11, 11, 13, 13, 12, 15, 13, 11, 13, 13, 14, 14, 15, 15, 15, 14, 13, 14, 14, 13, 12, 10, 15, 13, 13, 12, 14, 14, 13, 13, 14, 12, 13, 11, 13, 12, 12, 14, 11, 13, 12, 14, 14, 12, 13, 12, 13, 14, 13, 14, 13, 12, 14, 13, 10, 13, 12, 14, 14, 13, 14, 13, 15, 12, 10, 11, 13, 13, 15, 15, 13, 12, 13, 12, 14, 11, 13, 14, 11, 14, 14, 13, 13, 14, 13, 15, 14, 14, 16, 14, 13, 14, 11, 15, 16, 13, 15, 12, 14, 13, 12, 14, 11, 14, 11, 12, 11, 13, 13, 12, 13, 13, 13, 14, 13, 10, 14, 14, 14, 13, 12, 12, 10, 12, 12, 12, 14, 13, 16, 12, 13, 13, 13, 14, 14, 14, 12, 12, 14, 13, 13, 15, 15, 13, 12, 14, 16, 15, 14, 12, 15, 13, 12, 10, 13, 10, 12, 13, 13, 13, 13, 10, 12, 12, 14, 12, 14, 11, 15, 13, 16, 13, 15, 13, 11, 15, 13, 14, 16, 12, 17, 14, 14, 14, 14, 14, 13, 13, 13, 13, 13, 13, 13, 10, 12, 14, 13, 16, 13, 12, 13, 12, 13, 14, 12, 14, 12, 14, 11, 12, 16, 13, 16, 13, 14, 14, 14, 13, 12, 12, 12, 14, 13, 14, 14, 13, 13, 14, 13, 14, 16, 15, 15, 14, 13, 13, 12, 13, 11, 13, 13, 14, 13, 15, 12, 12, 12, 14, 14, 13, 15, 16, 13, 14, 12, 15, 13, 15, 13, 13, 13, 12, 14, 14, 14, 14, 15, 15, 12, 12, 14, 12, 13, 14, 12, 14, 15, 14, 14, 12, 14, 14, 14, 12, 12, 15, 13, 15, 14, 13, 15, 16, 12, 15, 14, 15, 14, 13, 14, 10, 13, 11, 13, 14, 12, 15, 16, 13, 14, 12, 11, 13, 14, 14, 15, 12, 13, 12, 12, 15, 11, 14, 13, 13, 13, 12, 13, 14, 12, 12, 16, 12, 13, 13, 12, 14, 15, 14, 12, 14, 13, 12, 13, 14, 12, 11, 12, 10, 15, 12, 13, 13, 12, 13, 15, 12, 13, 11, 11, 11, 17, 12, 14, 11, 16, 13, 14, 13, 14, 12, 13, 15, 13, 15, 15, 12, 11, 14, 13, 13, 12, 13, 13, 14, 14, 14, 13, 14, 14, 11, 13, 14, 12, 13, 14, 12, 15, 12, 14, 12, 13, 11, 12, 12, 12, 13, 13, 11, 13, 11, 14, 14, 12, 13, 13, 15, 14, 13, 15, 14, 12, 15, 13, 17, 13, 12, 14, 13, 14, 14, 12, 10, 14, 13, 13, 12, 13, 15, 13, 12, 15, 14, 13, 14, 13, 13, 15, 13, 12, 11, 13, 13, 14, 14, 11, 13, 12, 12, 16, 15, 12, 12, 13, 13, 14, 10, 13, 12, 13, 13, 14, 13, 14, 13, 15, 17, 14, 15, 15, 14, 17, 15, 12, 15, 15, 12, 11, 16, 15, 12, 14, 14, 13, 13, 14, 13, 12, 13, 12, 12, 13, 15, 12, 13, 14, 16, 15, 13, 12, 14, 11, 13, 15, 13, 12, 13, 14, 13, 14, 14, 14, 15, 12, 13, 15, 10, 15, 13, 14, 11, 13, 12, 15, 14, 14, 16, 15, 13, 15, 13, 14, 11, 12, 12, 13, 11, 15, 12, 13, 16, 14, 16, 16, 17, 11, 14, 13, 16, 15, 14, 11, 13, 13, 13, 13, 13, 17, 12, 12, 12, 13, 17, 15, 14, 12, 15, 13, 14, 12, 11, 14, 14, 13, 13, 13, 13, 17, 11, 11]
Longest shortest Path Average: 12.796864794252123
Longest Shortest Path Variance: 1.789565611373227
Clustering Coefficients: [0, 0, 0, 0, 0, 0, 0, 0, 0, 0, 0, 0, 0, 0, 0, 0, 0, 0, 0, 0, 0, 0, 0, 0, 0, 0, 0, 0, 0, 0, 0, 0, 0, 0, 0, 0, 0, 0, 0, 0, 0, 0, 0, 0, 0, 0, 0, 0, 0, 0, 0, 0, 0, 0, 0, 0, 0, 0, 0, 0, 0, 0, 0, 0, 0, 0, 0, 0, 0, 0, 0, 0, 0, 0, 0, 0, 0, 0, 0, 0, 0, 0, 0, 0, 0, 0, 0, 0, 0, 0, 0, 0, 0, 0, 0, 0, 0, 0, 0, 0, 0, 0, 0, 0, 0, 0, 0, 0, 0, 0, 0, 0, 0, 0, 0, 0, 0, 0, 0, 0, 0, 0, 0, 0, 0, 0, 0, 0, 0, 0, 0, 0, 0, 0, 0, 0, 0, 0, 0, 0, 0, 0, 0, 0, 0, 0, 0, 0, 0, 0, 0, 0, 0, 0, 0, 0, 0, 0, 0, 0, 0, 0, 0, 0, 0, 0, 0, 0, 0, 0, 0, 0, 0, 0, 0, 0, 0, 0, 0, 0, 0, 0, 0, 0, 0, 0, 0, 0, 0, 0, 0, 0, 0, 0, 0, 0, 0, 0, 0, 0, 0, 0, 0, 0, 0, 0, 0, 0, 0, 0, 0, 0, 0, 0, 0, 0, 0, 0, 0, 0, 0, 0, 0, 0, 0, 0, 0, 0, 0, 0, 0, 0, 0, 0, 0, 0, 0, 0, 0, 0, 0, 0, 0, 0, 0, 0, 0, 0, 0, 0, 0, 0, 0, 0, 0, 0, 0, 0, 0, 0, 0, 0, 0, 0, 0, 0, 0, 0, 0, 0, 0, 0, 0, 0, 0, 0, 0, 0, 0, 0, 0, 0, 0, 0, 0, 0, 0, 0, 0, 0, 0, 0, 0, 0, 0, 0, 0, 0, 0, 0, 0, 0, 0, 0, 0, 0, 0, 0, 0, 0, 0, 0, 0, 0, 0, 0, 0, 0, 0, 0, 0, 0, 0, 0, 0, 0, 0, 0, 0, 0, 0, 0, 0, 0, 0, 0, 0, 0, 0, 0, 0, 0, 0, 0, 0, 0, 0, 0, 0, 0, 0, 0, 0, 0, 0, 0, 0, 0, 0, 0, 0, 0, 0, 0, 0, 0, 0, 0, 0, 0, 0, 0, 0, 0, 0, 0, 0, 0, 0, 0, 0, 0, 0, 0, 0, 0, 0, 0, 0, 0, 0, 0, 0, 0, 0, 0, 0, 0, 0, 0, 0, 0, 0, 0, 0, 0, 0, 0, 0, 0, 0, 0, 0, 0, 0, 0, 0, 0, 0, 0, 0, 0, 0, 0, 0, 0, 0, 0, 0, 0, 0, 0, 0, 0, 0, 0, 0, 0, 0, 0, 0, 0, 0, 0, 0, 0, 0, 0, 0, 0, 0, 0, 0, 0, 0, 0, 0, 0, 0, 0, 0, 0, 0, 0, 0, 0, 0, 0, 0, 0, 0, 0, 0, 0, 0, 0, 0, 0, 0, 0, 0, 0, 0, 0, 0, 0, 0, 0, 0, 0, 0, 0, 0, 0, 0, 0, 0, 0, 0, 0, 0, 0, 0, 0, 0, 0, 0, 0, 0, 0, 0, 0, 0, 0, 0, 0, 0, 0, 0, 0, 0, 0, 0, 0, 0, 0, 0, 0, 0, 0, 0, 0, 0, 0, 0, 0, 0, 0, 0, 0, 0, 0, 0, 0, 0, 0, 0, 0, 0, 0, 0, 0, 0, 0, 0, 0, 0, 0, 0, 0, 0, 0, 0, 0, 0, 0, 0, 0, 0, 0, 0, 0, 0, 0, 0, 0, 0, 0, 0, 0, 0, 0, 0, 0, 0, 0, 0, 0, 0, 0, 0, 0, 0, 0, 0, 0, 0, 0, 0, 0, 0, 0, 0, 0, 0, 0, 0, 0, 0, 0, 0, 0, 0, 0, 0, 0, 0, 0, 0, 0, 0, 0, 0, 0, 0, 0, 0, 0, 0, 0, 0, 0, 0, 0, 0, 0, 0, 0, 0, 0, 0, 0, 0, 0, 0, 0, 0, 0, 0, 0, 0, 0, 0, 0, 0, 0, 0, 0, 0, 0, 0, 0, 0, 0, 0, 0, 0, 0, 0, 0, 0, 0, 0, 0, 0, 0, 0, 0, 0, 0, 0, 0, 0, 0, 0, 0, 0, 0, 0, 0, 0, 0, 0, 0, 0, 0, 0, 0, 0, 0, 0, 0, 0, 0, 0, 0, 0, 0, 0, 0, 0, 0, 0, 0, 0, 0, 0, 0, 0, 0, 0, 0, 0, 0, 0, 0, 0, 0, 0, 0, 0, 0, 0, 0, 0, 0, 0, 0, 0, 0, 0, 0, 0, 0, 0, 0, 0, 0, 0, 0, 0, 0, 0, 0, 0, 0, 0, 0, 0, 0, 0, 0, 0, 0, 0, 0, 0, 0, 0, 0, 0, 0, 0, 0, 0, 0, 0, 0, 0, 0, 0, 0, 0, 0, 0, 0, 0, 0, 0, 0, 0, 0, 0, 0, 0, 0, 0, 0, 0, 0, 0, 0, 0, 0, 0, 0, 0, 0, 0, 0, 0, 0, 0, 0, 0, 0, 0, 0, 0, 0, 0, 0, 0, 0, 0, 0, 0, 0, 0, 0, 0, 0, 0, 0, 0, 0, 0, 0, 0, 0, 0, 0, 0, 0, 0, 0, 0, 0, 0, 0, 0, 0, 0, 0, 0, 0, 0, 0, 0, 0, 0, 0, 0, 0, 0, 0, 0, 0, 0, 0, 0, 0, 0, 0, 0, 0, 0, 0, 0, 0, 0, 0, 0, 0, 0, 0, 0, 0, 0, 0, 0, 0, 0, 0, 0, 0, 0, 0, 0, 0, 0, 0, 0, 0, 0, 0, 0, 0, 0, 0, 0, 0, 0, 0, 0, 0, 0, 0, 0, 0, 0, 0, 0, 0, 0, 0, 0, 0, 0, 0, 0, 0, 0, 0, 0, 0, 0, 0, 0, 0, 0, 0, 0, 0, 0, 0, 0, 0, 0, 0, 0, 0, 0, 0, 0, 0, 0, 0, 0, 0, 0, 0, 0, 0, 0, 0, 0, 0, 0, 0, 0, 0, 0, 0, 0, 0, 0, 0, 0, 0, 0, 0, 0, 0, 0, 0, 0, 0, 0, 0, 0, 0, 0, 0, 0, 0, 0, 0, 0, 0, 0, 0, 0, 0, 0, 0, 0, 0, 0, 0, 0, 0, 0, 0, 0, 0, 0, 0, 0, 0, 0, 0, 0, 0, 0, 0, 0, 0, 0, 0, 0, 0, 0, 0, 0, 0, 0, 0, 0, 0, 0, 0, 0, 0, 0, 0, 0, 0, 0, 0, 0, 0, 0, 0, 0, 0, 0, 0, 0, 0, 0, 0, 0, 0, 0, 0, 0, 0, 0, 0, 0, 0, 0, 0, 0, 0, 0, 0, 0, 0, 0, 0, 0, 0, 0, 0, 0, 0, 0, 0, 0, 0, 0, 0, 0, 0, 0, 0, 0, 0, 0, 0, 0, 0, 0, 0, 0, 0, 0, 0, 0, 0, 0, 0, 0, 0, 0, 0, 0, 0, 0, 0, 0, 0, 0, 0, 0, 0, 0, 0, 0, 0, 0, 0, 0, 0, 0, 0, 0, 0, 0, 0, 0, 0, 0, 0, 0, 0, 0, 0, 0, 0, 0, 0, 0, 0, 0, 0, 0, 0, 0, 0, 0, 0, 0, 0, 0, 0, 0, 0, 0, 0, 0, 0, 0, 0, 0, 0, 0, 0, 0, 0, 0, 0, 0, 0, 0, 0, 0, 0, 0, 0, 0, 0, 0, 0, 0, 0, 0, 0, 0, 0, 0, 0, 0, 0, 0, 0, 0, 0, 0, 0, 0, 0, 0, 0, 0, 0, 0, 0, 0, 0, 0, 0, 0, 0, 0, 0, 0, 0, 0, 0, 0, 0, 0, 0, 0, 0, 0, 0, 0, 0, 0, 0, 0, 0, 0, 0, 0, 0, 0, 0, 0, 0, 0, 0, 0, 0, 0, 0, 0, 0, 0, 0, 0, 0, 0, 0, 0, 0, 0, 0, 0, 0, 0, 0, 0, 0, 0, 0, 0, 0, 0, 0, 0, 0, 0, 0, 0, 0, 0, 0, 0, 0, 0, 0, 0, 0, 0, 0, 0, 0, 0, 0, 0, 0, 0, 0, 0, 0, 0, 0, 0, 0, 0, 0, 0, 0, 0, 0, 0, 0, 0, 0, 0, 0, 0, 0, 0, 0, 0, 0, 0, 0, 0, 0, 0, 0, 0, 0, 0, 0, 0, 0, 0, 0, 0, 0, 0, 0, 0, 0, 0, 0, 0, 0, 0, 0, 0, 0, 0, 0, 0, 0, 0, 0, 0, 0, 0, 0, 0, 0, 0, 0, 0, 0, 0, 0, 0, 0, 0, 0, 0, 0, 0, 0, 0, 0, 0, 0, 0, 0, 0, 0, 0, 0, 0, 0, 0, 0, 0, 0, 0, 0, 0, 0, 0, 0, 0, 0, 0, 0, 0, 0, 0, 0, 0, 0, 0, 0, 0, 0, 0, 0, 0, 0, 0, 0, 0, 0, 0, 0, 0, 0, 0, 0, 0, 0, 0, 0, 0, 0, 0, 0, 0, 0, 0, 0, 0, 0, 0, 0, 0, 0, 0, 0, 0, 0, 0, 0, 0, 0, 0, 0, 0, 0, 0, 0, 0, 0, 0, 0, 0, 0, 0, 0, 0, 0, 0, 0, 0, 0, 0, 0, 0, 0, 0, 0, 0, 0, 0, 0, 0, 0, 0, 0, 0, 0, 0, 0, 0, 0, 0, 0, 0, 0, 0, 0, 0, 0, 0, 0, 0, 0, 0, 0, 0, 0, 0, 0, 0, 0, 0, 0, 0, 0, 0, 0, 0, 0, 0]
Clustering Coefficient Average: 0.0
Clustering Coefficient Variance: 0.0
Connected Component Sizes: [1531]
Connected Component Size Average: 1531.0
Connected Component Size Variance: 0.0
