Graph: District of Columbia Roads BA
Number of Nodes: 9550
Number of Edges: 9549
Degree Average: 1.9997905759162304
Degree Variance: 15.38031409226721
Diameter: 24
Radius: 12
Average Eccentricity: 17.531204188481677
Number of Connected Components: 1
Largest Connected Component: 9550
Degree Distribution: [238, 111, 78, 58, 55, 53, 51, 48, 47, 47, 40, 38, 37, 35, 35, 35, 31, 31, 30, 28, 28, 27, 27, 26, 25, 25, 25, 24, 24, 24, 24, 23, 22, 22, 22, 21, 21, 21, 21, 20, 20, 20, 19, 19, 19, 19, 19, 19, 18, 18, 18, 18, 18, 18, 18, 17, 17, 17, 17, 17, 17, 17, 17, 17, 16, 16, 16, 16, 16, 16, 16, 16, 16, 16, 16, 16, 16, 15, 15, 15, 15, 15, 15, 15, 15, 15, 15, 15, 15, 14, 14, 14, 14, 14, 14, 14, 14, 14, 13, 13, 13, 13, 13, 13, 13, 13, 13, 13, 13, 13, 13, 13, 12, 12, 12, 12, 12, 12, 12, 12, 12, 12, 12, 12, 12, 12, 11, 11, 11, 11, 11, 11, 11, 11, 11, 11, 11, 11, 11, 11, 11, 11, 11, 11, 11, 11, 11, 11, 11, 10, 10, 10, 10, 10, 10, 10, 10, 10, 10, 10, 10, 10, 10, 10, 10, 10, 10, 10, 10, 10, 10, 10, 10, 10, 10, 10, 10, 10, 10, 10, 10, 10, 10, 9, 9, 9, 9, 9, 9, 9, 9, 9, 9, 9, 9, 9, 9, 9, 9, 9, 9, 9, 9, 9, 9, 9, 9, 9, 9, 9, 9, 9, 9, 9, 9, 9, 9, 9, 9, 9, 9, 9, 9, 8, 8, 8, 8, 8, 8, 8, 8, 8, 8, 8, 8, 8, 8, 8, 8, 8, 8, 8, 8, 8, 8, 8, 8, 8, 8, 8, 8, 8, 8, 8, 8, 8, 8, 8, 8, 8, 8, 8, 8, 8, 8, 8, 8, 8, 8, 8, 8, 8, 8, 8, 8, 8, 8, 8, 7, 7, 7, 7, 7, 7, 7, 7, 7, 7, 7, 7, 7, 7, 7, 7, 7, 7, 7, 7, 7, 7, 7, 7, 7, 7, 7, 7, 7, 7, 7, 7, 7, 7, 7, 7, 7, 7, 7, 7, 7, 7, 7, 7, 7, 7, 7, 7, 7, 7, 7, 7, 7, 7, 7, 7, 7, 7, 7, 7, 7, 7, 7, 7, 7, 7, 7, 7, 7, 7, 7, 7, 7, 7, 7, 7, 7, 7, 6, 6, 6, 6, 6, 6, 6, 6, 6, 6, 6, 6, 6, 6, 6, 6, 6, 6, 6, 6, 6, 6, 6, 6, 6, 6, 6, 6, 6, 6, 6, 6, 6, 6, 6, 6, 6, 6, 6, 6, 6, 6, 6, 6, 6, 6, 6, 6, 6, 6, 6, 6, 6, 6, 6, 6, 6, 6, 6, 6, 6, 6, 6, 6, 6, 6, 6, 6, 6, 6, 6, 6, 6, 6, 6, 6, 6, 6, 6, 6, 6, 6, 6, 6, 6, 6, 6, 6, 6, 6, 6, 6, 6, 6, 6, 6, 6, 6, 6, 6, 6, 6, 6, 6, 6, 6, 6, 6, 5, 5, 5, 5, 5, 5, 5, 5, 5, 5, 5, 5, 5, 5, 5, 5, 5, 5, 5, 5, 5, 5, 5, 5, 5, 5, 5, 5, 5, 5, 5, 5, 5, 5, 5, 5, 5, 5, 5, 5, 5, 5, 5, 5, 5, 5, 5, 5, 5, 5, 5, 5, 5, 5, 5, 5, 5, 5, 5, 5, 5, 5, 5, 5, 5, 5, 5, 5, 5, 5, 5, 5, 5, 5, 5, 5, 5, 5, 5, 5, 5, 5, 5, 5, 5, 5, 5, 5, 5, 5, 5, 5, 5, 5, 5, 5, 5, 5, 5, 5, 5, 5, 5, 5, 5, 5, 5, 5, 5, 5, 5, 5, 5, 5, 5, 5, 5, 5, 5, 5, 5, 5, 5, 5, 5, 5, 5, 5, 5, 5, 5, 5, 5, 5, 5, 5, 5, 5, 5, 5, 5, 5, 5, 5, 5, 5, 5, 5, 5, 5, 5, 5, 5, 5, 5, 5, 5, 5, 5, 5, 5, 5, 5, 5, 5, 5, 4, 4, 4, 4, 4, 4, 4, 4, 4, 4, 4, 4, 4, 4, 4, 4, 4, 4, 4, 4, 4, 4, 4, 4, 4, 4, 4, 4, 4, 4, 4, 4, 4, 4, 4, 4, 4, 4, 4, 4, 4, 4, 4, 4, 4, 4, 4, 4, 4, 4, 4, 4, 4, 4, 4, 4, 4, 4, 4, 4, 4, 4, 4, 4, 4, 4, 4, 4, 4, 4, 4, 4, 4, 4, 4, 4, 4, 4, 4, 4, 4, 4, 4, 4, 4, 4, 4, 4, 4, 4, 4, 4, 4, 4, 4, 4, 4, 4, 4, 4, 4, 4, 4, 4, 4, 4, 4, 4, 4, 4, 4, 4, 4, 4, 4, 4, 4, 4, 4, 4, 4, 4, 4, 4, 4, 4, 4, 4, 4, 4, 4, 4, 4, 4, 4, 4, 4, 4, 4, 4, 4, 4, 4, 4, 4, 4, 4, 4, 4, 4, 4, 4, 4, 4, 4, 4, 4, 4, 4, 4, 4, 4, 4, 4, 4, 4, 4, 4, 4, 4, 4, 4, 4, 4, 4, 4, 4, 4, 4, 4, 4, 4, 4, 4, 4, 4, 4, 4, 4, 4, 4, 4, 4, 4, 4, 4, 4, 4, 4, 4, 4, 4, 4, 4, 4, 4, 4, 4, 4, 4, 4, 4, 4, 4, 4, 4, 4, 4, 4, 4, 4, 4, 4, 4, 4, 4, 4, 4, 4, 4, 4, 4, 4, 4, 4, 4, 4, 4, 4, 4, 4, 4, 4, 4, 4, 4, 4, 4, 4, 4, 4, 4, 4, 4, 4, 4, 4, 4, 4, 4, 4, 4, 4, 4, 4, 4, 4, 4, 4, 4, 4, 4, 4, 4, 4, 4, 4, 4, 4, 4, 4, 4, 4, 4, 4, 4, 4, 4, 4, 4, 4, 4, 4, 4, 4, 4, 4, 4, 4, 4, 4, 4, 4, 4, 4, 4, 4, 4, 4, 4, 4, 4, 4, 4, 4, 4, 4, 4, 4, 4, 4, 4, 4, 4, 4, 4, 3, 3, 3, 3, 3, 3, 3, 3, 3, 3, 3, 3, 3, 3, 3, 3, 3, 3, 3, 3, 3, 3, 3, 3, 3, 3, 3, 3, 3, 3, 3, 3, 3, 3, 3, 3, 3, 3, 3, 3, 3, 3, 3, 3, 3, 3, 3, 3, 3, 3, 3, 3, 3, 3, 3, 3, 3, 3, 3, 3, 3, 3, 3, 3, 3, 3, 3, 3, 3, 3, 3, 3, 3, 3, 3, 3, 3, 3, 3, 3, 3, 3, 3, 3, 3, 3, 3, 3, 3, 3, 3, 3, 3, 3, 3, 3, 3, 3, 3, 3, 3, 3, 3, 3, 3, 3, 3, 3, 3, 3, 3, 3, 3, 3, 3, 3, 3, 3, 3, 3, 3, 3, 3, 3, 3, 3, 3, 3, 3, 3, 3, 3, 3, 3, 3, 3, 3, 3, 3, 3, 3, 3, 3, 3, 3, 3, 3, 3, 3, 3, 3, 3, 3, 3, 3, 3, 3, 3, 3, 3, 3, 3, 3, 3, 3, 3, 3, 3, 3, 3, 3, 3, 3, 3, 3, 3, 3, 3, 3, 3, 3, 3, 3, 3, 3, 3, 3, 3, 3, 3, 3, 3, 3, 3, 3, 3, 3, 3, 3, 3, 3, 3, 3, 3, 3, 3, 3, 3, 3, 3, 3, 3, 3, 3, 3, 3, 3, 3, 3, 3, 3, 3, 3, 3, 3, 3, 3, 3, 3, 3, 3, 3, 3, 3, 3, 3, 3, 3, 3, 3, 3, 3, 3, 3, 3, 3, 3, 3, 3, 3, 3, 3, 3, 3, 3, 3, 3, 3, 3, 3, 3, 3, 3, 3, 3, 3, 3, 3, 3, 3, 3, 3, 3, 3, 3, 3, 3, 3, 3, 3, 3, 3, 3, 3, 3, 3, 3, 3, 3, 3, 3, 3, 3, 3, 3, 3, 3, 3, 3, 3, 3, 3, 3, 3, 3, 3, 3, 3, 3, 3, 3, 3, 3, 3, 3, 3, 3, 3, 3, 3, 3, 3, 3, 3, 3, 3, 3, 3, 3, 3, 3, 3, 3, 3, 3, 3, 3, 3, 3, 3, 3, 3, 3, 3, 3, 3, 3, 3, 3, 3, 3, 3, 3, 3, 3, 3, 3, 3, 3, 3, 3, 3, 3, 3, 3, 3, 3, 3, 3, 3, 3, 3, 3, 3, 3, 3, 3, 3, 3, 3, 3, 3, 3, 3, 3, 3, 3, 3, 3, 3, 3, 3, 3, 3, 3, 3, 3, 3, 3, 3, 3, 3, 3, 3, 3, 3, 3, 3, 3, 3, 3, 3, 3, 3, 3, 3, 3, 3, 3, 3, 3, 3, 3, 3, 3, 3, 3, 3, 3, 3, 3, 3, 3, 3, 3, 3, 3, 3, 3, 3, 3, 3, 3, 3, 3, 3, 3, 3, 3, 3, 3, 3, 3, 3, 3, 3, 3, 3, 3, 3, 3, 3, 3, 3, 3, 3, 3, 3, 3, 3, 3, 3, 3, 3, 3, 3, 3, 3, 3, 3, 3, 3, 3, 3, 3, 3, 3, 3, 3, 3, 3, 3, 3, 3, 3, 3, 3, 3, 3, 3, 3, 3, 3, 3, 3, 3, 3, 3, 3, 3, 3, 3, 3, 3, 3, 3, 3, 3, 3, 3, 3, 3, 3, 3, 3, 3, 3, 3, 3, 3, 3, 3, 3, 3, 3, 3, 3, 3, 3, 3, 3, 3, 3, 3, 3, 3, 3, 3, 3, 3, 3, 3, 3, 3, 3, 3, 3, 3, 3, 3, 3, 3, 3, 3, 3, 3, 3, 3, 3, 3, 3, 3, 3, 3, 3, 3, 3, 3, 3, 3, 3, 3, 3, 3, 3, 3, 3, 3, 3, 3, 3, 3, 3, 3, 3, 3, 3, 3, 3, 3, 3, 3, 3, 3, 3, 3, 3, 3, 3, 3, 3, 3, 3, 3, 3, 3, 3, 3, 3, 3, 3, 3, 3, 3, 3, 3, 3, 3, 3, 3, 3, 3, 3, 3, 3, 3, 3, 3, 3, 3, 3, 2, 2, 2, 2, 2, 2, 2, 2, 2, 2, 2, 2, 2, 2, 2, 2, 2, 2, 2, 2, 2, 2, 2, 2, 2, 2, 2, 2, 2, 2, 2, 2, 2, 2, 2, 2, 2, 2, 2, 2, 2, 2, 2, 2, 2, 2, 2, 2, 2, 2, 2, 2, 2, 2, 2, 2, 2, 2, 2, 2, 2, 2, 2, 2, 2, 2, 2, 2, 2, 2, 2, 2, 2, 2, 2, 2, 2, 2, 2, 2, 2, 2, 2, 2, 2, 2, 2, 2, 2, 2, 2, 2, 2, 2, 2, 2, 2, 2, 2, 2, 2, 2, 2, 2, 2, 2, 2, 2, 2, 2, 2, 2, 2, 2, 2, 2, 2, 2, 2, 2, 2, 2, 2, 2, 2, 2, 2, 2, 2, 2, 2, 2, 2, 2, 2, 2, 2, 2, 2, 2, 2, 2, 2, 2, 2, 2, 2, 2, 2, 2, 2, 2, 2, 2, 2, 2, 2, 2, 2, 2, 2, 2, 2, 2, 2, 2, 2, 2, 2, 2, 2, 2, 2, 2, 2, 2, 2, 2, 2, 2, 2, 2, 2, 2, 2, 2, 2, 2, 2, 2, 2, 2, 2, 2, 2, 2, 2, 2, 2, 2, 2, 2, 2, 2, 2, 2, 2, 2, 2, 2, 2, 2, 2, 2, 2, 2, 2, 2, 2, 2, 2, 2, 2, 2, 2, 2, 2, 2, 2, 2, 2, 2, 2, 2, 2, 2, 2, 2, 2, 2, 2, 2, 2, 2, 2, 2, 2, 2, 2, 2, 2, 2, 2, 2, 2, 2, 2, 2, 2, 2, 2, 2, 2, 2, 2, 2, 2, 2, 2, 2, 2, 2, 2, 2, 2, 2, 2, 2, 2, 2, 2, 2, 2, 2, 2, 2, 2, 2, 2, 2, 2, 2, 2, 2, 2, 2, 2, 2, 2, 2, 2, 2, 2, 2, 2, 2, 2, 2, 2, 2, 2, 2, 2, 2, 2, 2, 2, 2, 2, 2, 2, 2, 2, 2, 2, 2, 2, 2, 2, 2, 2, 2, 2, 2, 2, 2, 2, 2, 2, 2, 2, 2, 2, 2, 2, 2, 2, 2, 2, 2, 2, 2, 2, 2, 2, 2, 2, 2, 2, 2, 2, 2, 2, 2, 2, 2, 2, 2, 2, 2, 2, 2, 2, 2, 2, 2, 2, 2, 2, 2, 2, 2, 2, 2, 2, 2, 2, 2, 2, 2, 2, 2, 2, 2, 2, 2, 2, 2, 2, 2, 2, 2, 2, 2, 2, 2, 2, 2, 2, 2, 2, 2, 2, 2, 2, 2, 2, 2, 2, 2, 2, 2, 2, 2, 2, 2, 2, 2, 2, 2, 2, 2, 2, 2, 2, 2, 2, 2, 2, 2, 2, 2, 2, 2, 2, 2, 2, 2, 2, 2, 2, 2, 2, 2, 2, 2, 2, 2, 2, 2, 2, 2, 2, 2, 2, 2, 2, 2, 2, 2, 2, 2, 2, 2, 2, 2, 2, 2, 2, 2, 2, 2, 2, 2, 2, 2, 2, 2, 2, 2, 2, 2, 2, 2, 2, 2, 2, 2, 2, 2, 2, 2, 2, 2, 2, 2, 2, 2, 2, 2, 2, 2, 2, 2, 2, 2, 2, 2, 2, 2, 2, 2, 2, 2, 2, 2, 2, 2, 2, 2, 2, 2, 2, 2, 2, 2, 2, 2, 2, 2, 2, 2, 2, 2, 2, 2, 2, 2, 2, 2, 2, 2, 2, 2, 2, 2, 2, 2, 2, 2, 2, 2, 2, 2, 2, 2, 2, 2, 2, 2, 2, 2, 2, 2, 2, 2, 2, 2, 2, 2, 2, 2, 2, 2, 2, 2, 2, 2, 2, 2, 2, 2, 2, 2, 2, 2, 2, 2, 2, 2, 2, 2, 2, 2, 2, 2, 2, 2, 2, 2, 2, 2, 2, 2, 2, 2, 2, 2, 2, 2, 2, 2, 2, 2, 2, 2, 2, 2, 2, 2, 2, 2, 2, 2, 2, 2, 2, 2, 2, 2, 2, 2, 2, 2, 2, 2, 2, 2, 2, 2, 2, 2, 2, 2, 2, 2, 2, 2, 2, 2, 2, 2, 2, 2, 2, 2, 2, 2, 2, 2, 2, 2, 2, 2, 2, 2, 2, 2, 2, 2, 2, 2, 2, 2, 2, 2, 2, 2, 2, 2, 2, 2, 2, 2, 2, 2, 2, 2, 2, 2, 2, 2, 2, 2, 2, 2, 2, 2, 2, 2, 2, 2, 2, 2, 2, 2, 2, 2, 2, 2, 2, 2, 2, 2, 2, 2, 2, 2, 2, 2, 2, 2, 2, 2, 2, 2, 2, 2, 2, 2, 2, 2, 2, 2, 2, 2, 2, 2, 2, 2, 2, 2, 2, 2, 2, 2, 2, 2, 2, 2, 2, 2, 2, 2, 2, 2, 2, 2, 2, 2, 2, 2, 2, 2, 2, 2, 2, 2, 2, 2, 2, 2, 2, 2, 2, 2, 2, 2, 2, 2, 2, 2, 2, 2, 2, 2, 2, 2, 2, 2, 2, 2, 2, 2, 2, 2, 2, 2, 2, 2, 2, 2, 2, 2, 2, 2, 2, 2, 2, 2, 2, 2, 2, 2, 2, 2, 2, 2, 2, 2, 2, 2, 2, 2, 2, 2, 2, 2, 2, 2, 2, 2, 2, 2, 2, 2, 2, 2, 2, 2, 2, 2, 2, 2, 2, 2, 2, 2, 2, 2, 2, 2, 2, 2, 2, 2, 2, 2, 2, 2, 2, 2, 2, 2, 2, 2, 2, 2, 2, 2, 2, 2, 2, 2, 2, 2, 2, 2, 2, 2, 2, 2, 2, 2, 2, 2, 2, 2, 2, 2, 2, 2, 2, 2, 2, 2, 2, 2, 2, 2, 2, 2, 2, 2, 2, 2, 2, 2, 2, 2, 2, 2, 2, 2, 2, 2, 2, 2, 2, 2, 2, 2, 2, 2, 2, 2, 2, 2, 2, 2, 2, 2, 2, 2, 2, 2, 2, 2, 2, 2, 2, 2, 2, 2, 2, 2, 2, 2, 2, 2, 2, 2, 2, 2, 2, 2, 2, 2, 2, 2, 2, 2, 2, 2, 2, 2, 2, 2, 2, 2, 2, 2, 2, 2, 2, 2, 2, 2, 2, 2, 2, 2, 2, 2, 2, 2, 2, 2, 2, 2, 2, 2, 2, 2, 2, 2, 2, 2, 2, 2, 2, 2, 2, 2, 2, 2, 2, 2, 2, 2, 2, 2, 2, 2, 2, 2, 2, 2, 2, 2, 2, 2, 2, 2, 2, 2, 2, 2, 2, 2, 2, 2, 2, 2, 2, 2, 2, 2, 2, 2, 2, 2, 2, 2, 2, 2, 2, 2, 2, 2, 2, 2, 2, 2, 2, 2, 2, 2, 2, 2, 2, 2, 2, 2, 2, 2, 2, 2, 2, 2, 2, 2, 2, 2, 2, 2, 2, 2, 2, 2, 2, 2, 2, 2, 2, 2, 2, 2, 2, 2, 2, 2, 2, 2, 2, 2, 2, 2, 2, 2, 2, 2, 2, 2, 2, 2, 2, 2, 2, 2, 2, 2, 2, 2, 2, 2, 2, 2, 2, 2, 2, 2, 2, 2, 2, 2, 2, 2, 2, 2, 2, 2, 2, 2, 2, 2, 2, 2, 2, 2, 2, 2, 2, 2, 2, 2, 2, 2, 2, 2, 2, 2, 2, 2, 2, 2, 2, 2, 2, 2, 2, 2, 2, 2, 2, 2, 2, 2, 2, 2, 2, 2, 2, 2, 2, 2, 2, 2, 2, 2, 2, 2, 2, 2, 2, 2, 2, 2, 2, 2, 2, 2, 2, 2, 2, 2, 2, 2, 2, 2, 2, 2, 2, 2, 2, 2, 2, 2, 2, 2, 2, 2, 2, 2, 2, 2, 2, 2, 2, 2, 2, 2, 2, 2, 2, 2, 2, 2, 2, 2, 2, 2, 2, 2, 2, 2, 2, 2, 2, 2, 2, 2, 2, 2, 2, 2, 2, 2, 2, 2, 2, 2, 2, 2, 2, 2, 2, 2, 2, 2, 2, 2, 2, 2, 2, 2, 2, 2, 2, 2, 2, 2, 2, 2, 2, 2, 2, 2, 2, 2, 2, 2, 2, 2, 2, 2, 2, 2, 2, 2, 2, 2, 2, 2, 2, 2, 2, 2, 2, 2, 2, 2, 2, 2, 2, 2, 2, 2, 2, 2, 2, 2, 2, 2, 2, 2, 2, 2, 2, 2, 2, 2, 2, 2, 2, 2, 2, 2, 2, 2, 2, 2, 2, 2, 2, 2, 2, 2, 2, 2, 2, 2, 2, 2, 2, 2, 2, 2, 2, 2, 2, 2, 2, 2, 2, 2, 2, 2, 2, 2, 2, 2, 2, 2, 2, 2, 2, 2, 2, 2, 2, 2, 2, 2, 2, 2, 2, 2, 2, 2, 2, 2, 2, 2, 2, 2, 2, 2, 2, 2, 2, 2, 2, 2, 2, 2, 2, 2, 2, 2, 2, 2, 2, 2, 2, 2, 2, 2, 2, 2, 2, 2, 2, 2, 2, 2, 2, 2, 2, 2, 2, 2, 2, 2, 2, 2, 2, 2, 2, 2, 2, 2, 2, 2, 2, 2, 2, 2, 2, 2, 2, 2, 2, 2, 2, 2, 2, 2, 2, 2, 2, 2, 2, 2, 2, 2, 2, 2, 2, 2, 2, 2, 2, 2, 2, 2, 2, 2, 2, 2, 2, 2, 2, 2, 2, 2, 2, 2, 2, 2, 2, 2, 2, 2, 2, 2, 2, 2, 2, 2, 2, 2, 2, 2, 2, 2, 2, 2, 2, 2, 2, 2, 2, 2, 2, 2, 2, 2, 2, 2, 2, 2, 2, 2, 2, 2, 2, 2, 2, 2, 2, 2, 2, 2, 2, 2, 2, 2, 2, 2, 2, 2, 2, 2, 2, 2, 2, 2, 2, 2, 2, 2, 2, 2, 2, 2, 2, 2, 2, 2, 2, 2, 2, 2, 2, 2, 2, 2, 2, 2, 2, 2, 2, 2, 2, 2, 2, 2, 2, 2, 2, 2, 2, 2, 2, 2, 2, 2, 2, 2, 2, 2, 2, 2, 2, 2, 2, 2, 2, 2, 2, 2, 2, 2, 2, 2, 1, 1, 1, 1, 1, 1, 1, 1, 1, 1, 1, 1, 1, 1, 1, 1, 1, 1, 1, 1, 1, 1, 1, 1, 1, 1, 1, 1, 1, 1, 1, 1, 1, 1, 1, 1, 1, 1, 1, 1, 1, 1, 1, 1, 1, 1, 1, 1, 1, 1, 1, 1, 1, 1, 1, 1, 1, 1, 1, 1, 1, 1, 1, 1, 1, 1, 1, 1, 1, 1, 1, 1, 1, 1, 1, 1, 1, 1, 1, 1, 1, 1, 1, 1, 1, 1, 1, 1, 1, 1, 1, 1, 1, 1, 1, 1, 1, 1, 1, 1, 1, 1, 1, 1, 1, 1, 1, 1, 1, 1, 1, 1, 1, 1, 1, 1, 1, 1, 1, 1, 1, 1, 1, 1, 1, 1, 1, 1, 1, 1, 1, 1, 1, 1, 1, 1, 1, 1, 1, 1, 1, 1, 1, 1, 1, 1, 1, 1, 1, 1, 1, 1, 1, 1, 1, 1, 1, 1, 1, 1, 1, 1, 1, 1, 1, 1, 1, 1, 1, 1, 1, 1, 1, 1, 1, 1, 1, 1, 1, 1, 1, 1, 1, 1, 1, 1, 1, 1, 1, 1, 1, 1, 1, 1, 1, 1, 1, 1, 1, 1, 1, 1, 1, 1, 1, 1, 1, 1, 1, 1, 1, 1, 1, 1, 1, 1, 1, 1, 1, 1, 1, 1, 1, 1, 1, 1, 1, 1, 1, 1, 1, 1, 1, 1, 1, 1, 1, 1, 1, 1, 1, 1, 1, 1, 1, 1, 1, 1, 1, 1, 1, 1, 1, 1, 1, 1, 1, 1, 1, 1, 1, 1, 1, 1, 1, 1, 1, 1, 1, 1, 1, 1, 1, 1, 1, 1, 1, 1, 1, 1, 1, 1, 1, 1, 1, 1, 1, 1, 1, 1, 1, 1, 1, 1, 1, 1, 1, 1, 1, 1, 1, 1, 1, 1, 1, 1, 1, 1, 1, 1, 1, 1, 1, 1, 1, 1, 1, 1, 1, 1, 1, 1, 1, 1, 1, 1, 1, 1, 1, 1, 1, 1, 1, 1, 1, 1, 1, 1, 1, 1, 1, 1, 1, 1, 1, 1, 1, 1, 1, 1, 1, 1, 1, 1, 1, 1, 1, 1, 1, 1, 1, 1, 1, 1, 1, 1, 1, 1, 1, 1, 1, 1, 1, 1, 1, 1, 1, 1, 1, 1, 1, 1, 1, 1, 1, 1, 1, 1, 1, 1, 1, 1, 1, 1, 1, 1, 1, 1, 1, 1, 1, 1, 1, 1, 1, 1, 1, 1, 1, 1, 1, 1, 1, 1, 1, 1, 1, 1, 1, 1, 1, 1, 1, 1, 1, 1, 1, 1, 1, 1, 1, 1, 1, 1, 1, 1, 1, 1, 1, 1, 1, 1, 1, 1, 1, 1, 1, 1, 1, 1, 1, 1, 1, 1, 1, 1, 1, 1, 1, 1, 1, 1, 1, 1, 1, 1, 1, 1, 1, 1, 1, 1, 1, 1, 1, 1, 1, 1, 1, 1, 1, 1, 1, 1, 1, 1, 1, 1, 1, 1, 1, 1, 1, 1, 1, 1, 1, 1, 1, 1, 1, 1, 1, 1, 1, 1, 1, 1, 1, 1, 1, 1, 1, 1, 1, 1, 1, 1, 1, 1, 1, 1, 1, 1, 1, 1, 1, 1, 1, 1, 1, 1, 1, 1, 1, 1, 1, 1, 1, 1, 1, 1, 1, 1, 1, 1, 1, 1, 1, 1, 1, 1, 1, 1, 1, 1, 1, 1, 1, 1, 1, 1, 1, 1, 1, 1, 1, 1, 1, 1, 1, 1, 1, 1, 1, 1, 1, 1, 1, 1, 1, 1, 1, 1, 1, 1, 1, 1, 1, 1, 1, 1, 1, 1, 1, 1, 1, 1, 1, 1, 1, 1, 1, 1, 1, 1, 1, 1, 1, 1, 1, 1, 1, 1, 1, 1, 1, 1, 1, 1, 1, 1, 1, 1, 1, 1, 1, 1, 1, 1, 1, 1, 1, 1, 1, 1, 1, 1, 1, 1, 1, 1, 1, 1, 1, 1, 1, 1, 1, 1, 1, 1, 1, 1, 1, 1, 1, 1, 1, 1, 1, 1, 1, 1, 1, 1, 1, 1, 1, 1, 1, 1, 1, 1, 1, 1, 1, 1, 1, 1, 1, 1, 1, 1, 1, 1, 1, 1, 1, 1, 1, 1, 1, 1, 1, 1, 1, 1, 1, 1, 1, 1, 1, 1, 1, 1, 1, 1, 1, 1, 1, 1, 1, 1, 1, 1, 1, 1, 1, 1, 1, 1, 1, 1, 1, 1, 1, 1, 1, 1, 1, 1, 1, 1, 1, 1, 1, 1, 1, 1, 1, 1, 1, 1, 1, 1, 1, 1, 1, 1, 1, 1, 1, 1, 1, 1, 1, 1, 1, 1, 1, 1, 1, 1, 1, 1, 1, 1, 1, 1, 1, 1, 1, 1, 1, 1, 1, 1, 1, 1, 1, 1, 1, 1, 1, 1, 1, 1, 1, 1, 1, 1, 1, 1, 1, 1, 1, 1, 1, 1, 1, 1, 1, 1, 1, 1, 1, 1, 1, 1, 1, 1, 1, 1, 1, 1, 1, 1, 1, 1, 1, 1, 1, 1, 1, 1, 1, 1, 1, 1, 1, 1, 1, 1, 1, 1, 1, 1, 1, 1, 1, 1, 1, 1, 1, 1, 1, 1, 1, 1, 1, 1, 1, 1, 1, 1, 1, 1, 1, 1, 1, 1, 1, 1, 1, 1, 1, 1, 1, 1, 1, 1, 1, 1, 1, 1, 1, 1, 1, 1, 1, 1, 1, 1, 1, 1, 1, 1, 1, 1, 1, 1, 1, 1, 1, 1, 1, 1, 1, 1, 1, 1, 1, 1, 1, 1, 1, 1, 1, 1, 1, 1, 1, 1, 1, 1, 1, 1, 1, 1, 1, 1, 1, 1, 1, 1, 1, 1, 1, 1, 1, 1, 1, 1, 1, 1, 1, 1, 1, 1, 1, 1, 1, 1, 1, 1, 1, 1, 1, 1, 1, 1, 1, 1, 1, 1, 1, 1, 1, 1, 1, 1, 1, 1, 1, 1, 1, 1, 1, 1, 1, 1, 1, 1, 1, 1, 1, 1, 1, 1, 1, 1, 1, 1, 1, 1, 1, 1, 1, 1, 1, 1, 1, 1, 1, 1, 1, 1, 1, 1, 1, 1, 1, 1, 1, 1, 1, 1, 1, 1, 1, 1, 1, 1, 1, 1, 1, 1, 1, 1, 1, 1, 1, 1, 1, 1, 1, 1, 1, 1, 1, 1, 1, 1, 1, 1, 1, 1, 1, 1, 1, 1, 1, 1, 1, 1, 1, 1, 1, 1, 1, 1, 1, 1, 1, 1, 1, 1, 1, 1, 1, 1, 1, 1, 1, 1, 1, 1, 1, 1, 1, 1, 1, 1, 1, 1, 1, 1, 1, 1, 1, 1, 1, 1, 1, 1, 1, 1, 1, 1, 1, 1, 1, 1, 1, 1, 1, 1, 1, 1, 1, 1, 1, 1, 1, 1, 1, 1, 1, 1, 1, 1, 1, 1, 1, 1, 1, 1, 1, 1, 1, 1, 1, 1, 1, 1, 1, 1, 1, 1, 1, 1, 1, 1, 1, 1, 1, 1, 1, 1, 1, 1, 1, 1, 1, 1, 1, 1, 1, 1, 1, 1, 1, 1, 1, 1, 1, 1, 1, 1, 1, 1, 1, 1, 1, 1, 1, 1, 1, 1, 1, 1, 1, 1, 1, 1, 1, 1, 1, 1, 1, 1, 1, 1, 1, 1, 1, 1, 1, 1, 1, 1, 1, 1, 1, 1, 1, 1, 1, 1, 1, 1, 1, 1, 1, 1, 1, 1, 1, 1, 1, 1, 1, 1, 1, 1, 1, 1, 1, 1, 1, 1, 1, 1, 1, 1, 1, 1, 1, 1, 1, 1, 1, 1, 1, 1, 1, 1, 1, 1, 1, 1, 1, 1, 1, 1, 1, 1, 1, 1, 1, 1, 1, 1, 1, 1, 1, 1, 1, 1, 1, 1, 1, 1, 1, 1, 1, 1, 1, 1, 1, 1, 1, 1, 1, 1, 1, 1, 1, 1, 1, 1, 1, 1, 1, 1, 1, 1, 1, 1, 1, 1, 1, 1, 1, 1, 1, 1, 1, 1, 1, 1, 1, 1, 1, 1, 1, 1, 1, 1, 1, 1, 1, 1, 1, 1, 1, 1, 1, 1, 1, 1, 1, 1, 1, 1, 1, 1, 1, 1, 1, 1, 1, 1, 1, 1, 1, 1, 1, 1, 1, 1, 1, 1, 1, 1, 1, 1, 1, 1, 1, 1, 1, 1, 1, 1, 1, 1, 1, 1, 1, 1, 1, 1, 1, 1, 1, 1, 1, 1, 1, 1, 1, 1, 1, 1, 1, 1, 1, 1, 1, 1, 1, 1, 1, 1, 1, 1, 1, 1, 1, 1, 1, 1, 1, 1, 1, 1, 1, 1, 1, 1, 1, 1, 1, 1, 1, 1, 1, 1, 1, 1, 1, 1, 1, 1, 1, 1, 1, 1, 1, 1, 1, 1, 1, 1, 1, 1, 1, 1, 1, 1, 1, 1, 1, 1, 1, 1, 1, 1, 1, 1, 1, 1, 1, 1, 1, 1, 1, 1, 1, 1, 1, 1, 1, 1, 1, 1, 1, 1, 1, 1, 1, 1, 1, 1, 1, 1, 1, 1, 1, 1, 1, 1, 1, 1, 1, 1, 1, 1, 1, 1, 1, 1, 1, 1, 1, 1, 1, 1, 1, 1, 1, 1, 1, 1, 1, 1, 1, 1, 1, 1, 1, 1, 1, 1, 1, 1, 1, 1, 1, 1, 1, 1, 1, 1, 1, 1, 1, 1, 1, 1, 1, 1, 1, 1, 1, 1, 1, 1, 1, 1, 1, 1, 1, 1, 1, 1, 1, 1, 1, 1, 1, 1, 1, 1, 1, 1, 1, 1, 1, 1, 1, 1, 1, 1, 1, 1, 1, 1, 1, 1, 1, 1, 1, 1, 1, 1, 1, 1, 1, 1, 1, 1, 1, 1, 1, 1, 1, 1, 1, 1, 1, 1, 1, 1, 1, 1, 1, 1, 1, 1, 1, 1, 1, 1, 1, 1, 1, 1, 1, 1, 1, 1, 1, 1, 1, 1, 1, 1, 1, 1, 1, 1, 1, 1, 1, 1, 1, 1, 1, 1, 1, 1, 1, 1, 1, 1, 1, 1, 1, 1, 1, 1, 1, 1, 1, 1, 1, 1, 1, 1, 1, 1, 1, 1, 1, 1, 1, 1, 1, 1, 1, 1, 1, 1, 1, 1, 1, 1, 1, 1, 1, 1, 1, 1, 1, 1, 1, 1, 1, 1, 1, 1, 1, 1, 1, 1, 1, 1, 1, 1, 1, 1, 1, 1, 1, 1, 1, 1, 1, 1, 1, 1, 1, 1, 1, 1, 1, 1, 1, 1, 1, 1, 1, 1, 1, 1, 1, 1, 1, 1, 1, 1, 1, 1, 1, 1, 1, 1, 1, 1, 1, 1, 1, 1, 1, 1, 1, 1, 1, 1, 1, 1, 1, 1, 1, 1, 1, 1, 1, 1, 1, 1, 1, 1, 1, 1, 1, 1, 1, 1, 1, 1, 1, 1, 1, 1, 1, 1, 1, 1, 1, 1, 1, 1, 1, 1, 1, 1, 1, 1, 1, 1, 1, 1, 1, 1, 1, 1, 1, 1, 1, 1, 1, 1, 1, 1, 1, 1, 1, 1, 1, 1, 1, 1, 1, 1, 1, 1, 1, 1, 1, 1, 1, 1, 1, 1, 1, 1, 1, 1, 1, 1, 1, 1, 1, 1, 1, 1, 1, 1, 1, 1, 1, 1, 1, 1, 1, 1, 1, 1, 1, 1, 1, 1, 1, 1, 1, 1, 1, 1, 1, 1, 1, 1, 1, 1, 1, 1, 1, 1, 1, 1, 1, 1, 1, 1, 1, 1, 1, 1, 1, 1, 1, 1, 1, 1, 1, 1, 1, 1, 1, 1, 1, 1, 1, 1, 1, 1, 1, 1, 1, 1, 1, 1, 1, 1, 1, 1, 1, 1, 1, 1, 1, 1, 1, 1, 1, 1, 1, 1, 1, 1, 1, 1, 1, 1, 1, 1, 1, 1, 1, 1, 1, 1, 1, 1, 1, 1, 1, 1, 1, 1, 1, 1, 1, 1, 1, 1, 1, 1, 1, 1, 1, 1, 1, 1, 1, 1, 1, 1, 1, 1, 1, 1, 1, 1, 1, 1, 1, 1, 1, 1, 1, 1, 1, 1, 1, 1, 1, 1, 1, 1, 1, 1, 1, 1, 1, 1, 1, 1, 1, 1, 1, 1, 1, 1, 1, 1, 1, 1, 1, 1, 1, 1, 1, 1, 1, 1, 1, 1, 1, 1, 1, 1, 1, 1, 1, 1, 1, 1, 1, 1, 1, 1, 1, 1, 1, 1, 1, 1, 1, 1, 1, 1, 1, 1, 1, 1, 1, 1, 1, 1, 1, 1, 1, 1, 1, 1, 1, 1, 1, 1, 1, 1, 1, 1, 1, 1, 1, 1, 1, 1, 1, 1, 1, 1, 1, 1, 1, 1, 1, 1, 1, 1, 1, 1, 1, 1, 1, 1, 1, 1, 1, 1, 1, 1, 1, 1, 1, 1, 1, 1, 1, 1, 1, 1, 1, 1, 1, 1, 1, 1, 1, 1, 1, 1, 1, 1, 1, 1, 1, 1, 1, 1, 1, 1, 1, 1, 1, 1, 1, 1, 1, 1, 1, 1, 1, 1, 1, 1, 1, 1, 1, 1, 1, 1, 1, 1, 1, 1, 1, 1, 1, 1, 1, 1, 1, 1, 1, 1, 1, 1, 1, 1, 1, 1, 1, 1, 1, 1, 1, 1, 1, 1, 1, 1, 1, 1, 1, 1, 1, 1, 1, 1, 1, 1, 1, 1, 1, 1, 1, 1, 1, 1, 1, 1, 1, 1, 1, 1, 1, 1, 1, 1, 1, 1, 1, 1, 1, 1, 1, 1, 1, 1, 1, 1, 1, 1, 1, 1, 1, 1, 1, 1, 1, 1, 1, 1, 1, 1, 1, 1, 1, 1, 1, 1, 1, 1, 1, 1, 1, 1, 1, 1, 1, 1, 1, 1, 1, 1, 1, 1, 1, 1, 1, 1, 1, 1, 1, 1, 1, 1, 1, 1, 1, 1, 1, 1, 1, 1, 1, 1, 1, 1, 1, 1, 1, 1, 1, 1, 1, 1, 1, 1, 1, 1, 1, 1, 1, 1, 1, 1, 1, 1, 1, 1, 1, 1, 1, 1, 1, 1, 1, 1, 1, 1, 1, 1, 1, 1, 1, 1, 1, 1, 1, 1, 1, 1, 1, 1, 1, 1, 1, 1, 1, 1, 1, 1, 1, 1, 1, 1, 1, 1, 1, 1, 1, 1, 1, 1, 1, 1, 1, 1, 1, 1, 1, 1, 1, 1, 1, 1, 1, 1, 1, 1, 1, 1, 1, 1, 1, 1, 1, 1, 1, 1, 1, 1, 1, 1, 1, 1, 1, 1, 1, 1, 1, 1, 1, 1, 1, 1, 1, 1, 1, 1, 1, 1, 1, 1, 1, 1, 1, 1, 1, 1, 1, 1, 1, 1, 1, 1, 1, 1, 1, 1, 1, 1, 1, 1, 1, 1, 1, 1, 1, 1, 1, 1, 1, 1, 1, 1, 1, 1, 1, 1, 1, 1, 1, 1, 1, 1, 1, 1, 1, 1, 1, 1, 1, 1, 1, 1, 1, 1, 1, 1, 1, 1, 1, 1, 1, 1, 1, 1, 1, 1, 1, 1, 1, 1, 1, 1, 1, 1, 1, 1, 1, 1, 1, 1, 1, 1, 1, 1, 1, 1, 1, 1, 1, 1, 1, 1, 1, 1, 1, 1, 1, 1, 1, 1, 1, 1, 1, 1, 1, 1, 1, 1, 1, 1, 1, 1, 1, 1, 1, 1, 1, 1, 1, 1, 1, 1, 1, 1, 1, 1, 1, 1, 1, 1, 1, 1, 1, 1, 1, 1, 1, 1, 1, 1, 1, 1, 1, 1, 1, 1, 1, 1, 1, 1, 1, 1, 1, 1, 1, 1, 1, 1, 1, 1, 1, 1, 1, 1, 1, 1, 1, 1, 1, 1, 1, 1, 1, 1, 1, 1, 1, 1, 1, 1, 1, 1, 1, 1, 1, 1, 1, 1, 1, 1, 1, 1, 1, 1, 1, 1, 1, 1, 1, 1, 1, 1, 1, 1, 1, 1, 1, 1, 1, 1, 1, 1, 1, 1, 1, 1, 1, 1, 1, 1, 1, 1, 1, 1, 1, 1, 1, 1, 1, 1, 1, 1, 1, 1, 1, 1, 1, 1, 1, 1, 1, 1, 1, 1, 1, 1, 1, 1, 1, 1, 1, 1, 1, 1, 1, 1, 1, 1, 1, 1, 1, 1, 1, 1, 1, 1, 1, 1, 1, 1, 1, 1, 1, 1, 1, 1, 1, 1, 1, 1, 1, 1, 1, 1, 1, 1, 1, 1, 1, 1, 1, 1, 1, 1, 1, 1, 1, 1, 1, 1, 1, 1, 1, 1, 1, 1, 1, 1, 1, 1, 1, 1, 1, 1, 1, 1, 1, 1, 1, 1, 1, 1, 1, 1, 1, 1, 1, 1, 1, 1, 1, 1, 1, 1, 1, 1, 1, 1, 1, 1, 1, 1, 1, 1, 1, 1, 1, 1, 1, 1, 1, 1, 1, 1, 1, 1, 1, 1, 1, 1, 1, 1, 1, 1, 1, 1, 1, 1, 1, 1, 1, 1, 1, 1, 1, 1, 1, 1, 1, 1, 1, 1, 1, 1, 1, 1, 1, 1, 1, 1, 1, 1, 1, 1, 1, 1, 1, 1, 1, 1, 1, 1, 1, 1, 1, 1, 1, 1, 1, 1, 1, 1, 1, 1, 1, 1, 1, 1, 1, 1, 1, 1, 1, 1, 1, 1, 1, 1, 1, 1, 1, 1, 1, 1, 1, 1, 1, 1, 1, 1, 1, 1, 1, 1, 1, 1, 1, 1, 1, 1, 1, 1, 1, 1, 1, 1, 1, 1, 1, 1, 1, 1, 1, 1, 1, 1, 1, 1, 1, 1, 1, 1, 1, 1, 1, 1, 1, 1, 1, 1, 1, 1, 1, 1, 1, 1, 1, 1, 1, 1, 1, 1, 1, 1, 1, 1, 1, 1, 1, 1, 1, 1, 1, 1, 1, 1, 1, 1, 1, 1, 1, 1, 1, 1, 1, 1, 1, 1, 1, 1, 1, 1, 1, 1, 1, 1, 1, 1, 1, 1, 1, 1, 1, 1, 1, 1, 1, 1, 1, 1, 1, 1, 1, 1, 1, 1, 1, 1, 1, 1, 1, 1, 1, 1, 1, 1, 1, 1, 1, 1, 1, 1, 1, 1, 1, 1, 1, 1, 1, 1, 1, 1, 1, 1, 1, 1, 1, 1, 1, 1, 1, 1, 1, 1, 1, 1, 1, 1, 1, 1, 1, 1, 1, 1, 1, 1, 1, 1, 1, 1, 1, 1, 1, 1, 1, 1, 1, 1, 1, 1, 1, 1, 1, 1, 1, 1, 1, 1, 1, 1, 1, 1, 1, 1, 1, 1, 1, 1, 1, 1, 1, 1, 1, 1, 1, 1, 1, 1, 1, 1, 1, 1, 1, 1, 1, 1, 1, 1, 1, 1, 1, 1, 1, 1, 1, 1, 1, 1, 1, 1, 1, 1, 1, 1, 1, 1, 1, 1, 1, 1, 1, 1, 1, 1, 1, 1, 1, 1, 1, 1, 1, 1, 1, 1, 1, 1, 1, 1, 1, 1, 1, 1, 1, 1, 1, 1, 1, 1, 1, 1, 1, 1, 1, 1, 1, 1, 1, 1, 1, 1, 1, 1, 1, 1, 1, 1, 1, 1, 1, 1, 1, 1, 1, 1, 1, 1, 1, 1, 1, 1, 1, 1, 1, 1, 1, 1, 1, 1, 1, 1, 1, 1, 1, 1, 1, 1, 1, 1, 1, 1, 1, 1, 1, 1, 1, 1, 1, 1, 1, 1, 1, 1, 1, 1, 1, 1, 1, 1, 1, 1, 1, 1, 1, 1, 1, 1, 1, 1, 1, 1, 1, 1, 1, 1, 1, 1, 1, 1, 1, 1, 1, 1, 1, 1, 1, 1, 1, 1, 1, 1, 1, 1, 1, 1, 1, 1, 1, 1, 1, 1, 1, 1, 1, 1, 1, 1, 1, 1, 1, 1, 1, 1, 1, 1, 1, 1, 1, 1, 1, 1, 1, 1, 1, 1, 1, 1, 1, 1, 1, 1, 1, 1, 1, 1, 1, 1, 1, 1, 1, 1, 1, 1, 1, 1, 1, 1, 1, 1, 1, 1, 1, 1, 1, 1, 1, 1, 1, 1, 1, 1, 1, 1, 1, 1, 1, 1, 1, 1, 1, 1, 1, 1, 1, 1, 1, 1, 1, 1, 1, 1, 1, 1, 1, 1, 1, 1, 1, 1, 1, 1, 1, 1, 1, 1, 1, 1, 1, 1, 1, 1, 1, 1, 1, 1, 1, 1, 1, 1, 1, 1, 1, 1, 1, 1, 1, 1, 1, 1, 1, 1, 1, 1, 1, 1, 1, 1, 1, 1, 1, 1, 1, 1, 1, 1, 1, 1, 1, 1, 1, 1, 1, 1, 1, 1, 1, 1, 1, 1, 1, 1, 1, 1, 1, 1, 1, 1, 1, 1, 1, 1, 1, 1, 1, 1, 1, 1, 1, 1, 1, 1, 1, 1, 1, 1, 1, 1, 1, 1, 1, 1, 1, 1, 1, 1, 1, 1, 1, 1, 1, 1, 1, 1, 1, 1, 1, 1, 1, 1, 1, 1, 1, 1, 1, 1, 1, 1, 1, 1, 1, 1, 1, 1, 1, 1, 1, 1, 1, 1, 1, 1, 1, 1, 1, 1, 1, 1, 1, 1, 1, 1, 1, 1, 1, 1, 1, 1, 1, 1, 1, 1, 1, 1, 1, 1, 1, 1, 1, 1, 1, 1, 1, 1, 1, 1, 1, 1, 1, 1, 1, 1, 1, 1, 1, 1, 1, 1, 1, 1, 1, 1, 1, 1, 1, 1, 1, 1, 1, 1, 1, 1, 1, 1, 1, 1, 1, 1, 1, 1, 1, 1, 1, 1, 1, 1, 1, 1, 1, 1, 1, 1, 1, 1, 1, 1, 1, 1, 1, 1, 1, 1, 1, 1, 1, 1, 1, 1, 1, 1, 1, 1, 1, 1, 1, 1, 1, 1, 1, 1, 1, 1, 1, 1, 1, 1, 1, 1, 1, 1, 1, 1, 1, 1, 1, 1, 1, 1, 1, 1, 1, 1, 1, 1, 1, 1, 1, 1, 1, 1, 1, 1, 1, 1, 1, 1, 1, 1, 1, 1, 1, 1, 1, 1, 1, 1, 1, 1, 1, 1, 1, 1, 1, 1, 1, 1, 1, 1, 1, 1, 1, 1, 1, 1, 1, 1, 1, 1, 1, 1, 1, 1, 1, 1, 1, 1, 1, 1, 1, 1, 1, 1, 1, 1, 1, 1, 1, 1, 1, 1, 1, 1, 1, 1, 1, 1, 1, 1, 1, 1, 1, 1, 1, 1, 1, 1, 1, 1, 1, 1, 1, 1, 1, 1, 1, 1, 1, 1, 1, 1, 1, 1, 1, 1, 1, 1, 1, 1, 1, 1, 1, 1, 1, 1, 1, 1, 1, 1, 1, 1, 1, 1, 1, 1, 1, 1, 1, 1, 1, 1, 1, 1, 1, 1, 1, 1, 1, 1, 1, 1, 1, 1, 1, 1, 1, 1, 1, 1, 1, 1, 1, 1, 1, 1, 1, 1, 1, 1, 1, 1, 1, 1, 1, 1, 1, 1, 1, 1, 1, 1, 1, 1, 1, 1, 1, 1, 1, 1, 1, 1, 1, 1, 1, 1, 1, 1, 1, 1, 1, 1, 1, 1, 1, 1, 1, 1, 1, 1, 1, 1, 1, 1, 1, 1, 1, 1, 1, 1, 1, 1, 1, 1, 1, 1, 1, 1, 1, 1, 1, 1, 1, 1, 1, 1, 1, 1, 1, 1, 1, 1, 1, 1, 1, 1, 1, 1, 1, 1, 1, 1, 1, 1, 1, 1, 1, 1, 1, 1, 1, 1, 1, 1, 1, 1, 1, 1, 1, 1, 1, 1, 1, 1, 1, 1, 1, 1, 1, 1, 1, 1, 1, 1, 1, 1, 1, 1, 1, 1, 1, 1, 1, 1, 1, 1, 1, 1, 1, 1, 1, 1, 1, 1, 1, 1, 1, 1, 1, 1, 1, 1, 1, 1, 1, 1, 1, 1, 1, 1, 1, 1, 1, 1, 1, 1, 1, 1, 1, 1, 1, 1, 1, 1, 1, 1, 1, 1, 1, 1, 1, 1, 1, 1, 1, 1, 1, 1, 1, 1, 1, 1, 1, 1, 1, 1, 1, 1, 1, 1, 1, 1, 1, 1, 1, 1, 1, 1, 1, 1, 1, 1, 1, 1, 1, 1, 1, 1, 1, 1, 1, 1, 1, 1, 1, 1, 1, 1, 1, 1, 1, 1, 1, 1, 1, 1, 1, 1, 1, 1, 1, 1, 1, 1, 1, 1, 1, 1, 1, 1, 1, 1, 1, 1, 1, 1, 1, 1, 1, 1, 1, 1, 1, 1, 1, 1, 1, 1, 1, 1, 1, 1, 1, 1, 1, 1, 1, 1, 1, 1, 1, 1, 1, 1, 1, 1, 1, 1, 1, 1, 1, 1, 1, 1, 1, 1, 1, 1, 1, 1, 1, 1, 1, 1, 1, 1, 1, 1, 1, 1, 1, 1, 1, 1, 1, 1, 1, 1, 1, 1, 1, 1, 1, 1, 1, 1, 1, 1, 1, 1, 1, 1, 1, 1, 1, 1, 1, 1, 1, 1, 1, 1, 1, 1, 1, 1, 1, 1, 1, 1, 1, 1, 1, 1, 1, 1, 1, 1, 1, 1, 1, 1, 1, 1, 1, 1, 1, 1, 1, 1, 1, 1, 1, 1, 1, 1, 1, 1, 1, 1, 1, 1, 1, 1, 1, 1, 1, 1, 1, 1, 1, 1, 1, 1, 1, 1, 1, 1, 1, 1, 1, 1, 1, 1, 1, 1, 1, 1, 1, 1, 1, 1, 1, 1, 1, 1, 1, 1, 1, 1, 1, 1, 1, 1, 1, 1, 1, 1, 1, 1, 1, 1, 1, 1, 1, 1, 1, 1, 1, 1, 1, 1, 1, 1, 1, 1, 1, 1, 1, 1, 1, 1, 1, 1, 1, 1, 1, 1, 1, 1, 1, 1, 1, 1, 1, 1, 1, 1, 1, 1, 1, 1, 1, 1, 1, 1, 1, 1, 1, 1, 1, 1, 1, 1, 1, 1, 1, 1, 1, 1, 1, 1, 1, 1, 1, 1, 1, 1, 1, 1, 1, 1, 1, 1, 1, 1, 1, 1, 1, 1, 1, 1, 1, 1, 1, 1, 1, 1, 1, 1, 1, 1, 1, 1, 1, 1, 1, 1, 1, 1, 1, 1, 1, 1, 1, 1, 1, 1, 1, 1, 1, 1, 1, 1, 1, 1, 1, 1, 1, 1, 1, 1, 1, 1, 1, 1, 1, 1, 1, 1, 1, 1, 1, 1, 1, 1, 1, 1, 1, 1, 1, 1, 1, 1, 1, 1, 1, 1, 1, 1, 1, 1, 1, 1, 1, 1, 1, 1, 1, 1, 1, 1, 1, 1, 1, 1, 1, 1, 1, 1, 1, 1, 1, 1, 1, 1, 1, 1, 1, 1, 1, 1, 1, 1, 1, 1, 1, 1, 1, 1, 1, 1, 1, 1, 1, 1, 1, 1, 1, 1, 1, 1, 1, 1, 1, 1, 1, 1, 1, 1, 1, 1, 1, 1, 1, 1, 1, 1, 1, 1, 1, 1, 1, 1, 1, 1, 1, 1, 1, 1, 1, 1, 1, 1, 1, 1, 1, 1, 1, 1, 1, 1, 1, 1, 1, 1, 1, 1, 1, 1, 1, 1, 1, 1, 1, 1, 1, 1, 1, 1, 1, 1, 1, 1, 1, 1, 1, 1, 1, 1, 1, 1, 1, 1, 1, 1, 1, 1, 1, 1, 1, 1, 1, 1, 1, 1, 1, 1, 1, 1, 1, 1, 1, 1, 1, 1, 1, 1, 1, 1, 1, 1, 1, 1, 1, 1, 1, 1, 1, 1, 1, 1, 1, 1, 1, 1, 1, 1, 1, 1, 1, 1, 1, 1, 1, 1, 1, 1, 1, 1, 1, 1, 1, 1, 1, 1, 1, 1, 1, 1, 1, 1, 1, 1, 1, 1, 1, 1, 1, 1, 1, 1, 1, 1, 1, 1, 1, 1, 1, 1, 1, 1, 1, 1, 1, 1, 1, 1, 1, 1, 1, 1, 1, 1, 1, 1, 1, 1, 1, 1, 1, 1, 1, 1, 1, 1, 1, 1, 1, 1, 1, 1, 1, 1, 1, 1, 1, 1, 1, 1, 1, 1, 1, 1, 1, 1, 1, 1, 1, 1, 1, 1, 1, 1, 1, 1, 1, 1, 1, 1, 1, 1, 1, 1, 1, 1, 1, 1, 1, 1, 1, 1, 1, 1, 1, 1, 1, 1, 1, 1, 1, 1, 1, 1, 1, 1, 1, 1, 1, 1, 1, 1, 1, 1, 1, 1, 1, 1, 1, 1, 1, 1, 1, 1, 1, 1, 1, 1, 1, 1, 1, 1, 1, 1, 1, 1, 1, 1, 1, 1, 1, 1, 1, 1, 1, 1, 1, 1, 1, 1, 1, 1, 1, 1, 1, 1, 1, 1, 1, 1, 1, 1, 1, 1, 1, 1, 1, 1, 1, 1, 1, 1, 1, 1, 1, 1, 1, 1, 1, 1, 1, 1, 1, 1, 1, 1, 1, 1, 1, 1, 1, 1, 1, 1, 1, 1, 1, 1, 1, 1, 1, 1, 1, 1, 1, 1, 1, 1, 1, 1, 1, 1, 1, 1, 1, 1, 1, 1, 1, 1, 1, 1, 1, 1, 1, 1, 1, 1, 1, 1, 1, 1, 1, 1, 1, 1, 1, 1, 1, 1, 1, 1, 1, 1, 1, 1, 1, 1, 1, 1, 1, 1, 1, 1, 1, 1, 1, 1, 1, 1, 1, 1, 1, 1, 1, 1, 1, 1, 1, 1, 1, 1, 1, 1, 1, 1, 1, 1, 1, 1, 1, 1, 1, 1, 1, 1, 1, 1, 1, 1, 1, 1, 1, 1, 1, 1, 1, 1, 1, 1, 1, 1, 1, 1, 1, 1, 1, 1, 1, 1, 1, 1, 1, 1, 1, 1, 1, 1, 1, 1, 1, 1, 1, 1, 1, 1, 1, 1, 1, 1, 1, 1, 1, 1, 1, 1, 1, 1, 1, 1, 1, 1, 1, 1, 1, 1, 1, 1, 1, 1, 1, 1, 1, 1, 1, 1, 1, 1, 1, 1, 1, 1, 1, 1, 1, 1, 1, 1, 1, 1, 1, 1, 1, 1, 1, 1, 1, 1, 1, 1, 1, 1, 1, 1, 1, 1, 1, 1, 1, 1, 1, 1, 1, 1, 1, 1, 1, 1, 1, 1, 1, 1, 1, 1, 1, 1, 1, 1, 1, 1, 1, 1, 1, 1, 1, 1, 1, 1, 1, 1, 1, 1, 1, 1, 1, 1, 1, 1, 1, 1, 1, 1, 1, 1, 1, 1, 1, 1, 1, 1, 1, 1, 1, 1, 1, 1, 1, 1, 1, 1, 1, 1, 1, 1, 1, 1, 1, 1, 1, 1, 1, 1, 1, 1, 1, 1, 1, 1, 1, 1, 1, 1, 1, 1, 1, 1, 1, 1, 1, 1, 1, 1, 1, 1, 1, 1, 1, 1, 1, 1, 1, 1, 1, 1, 1, 1, 1, 1, 1, 1, 1, 1, 1, 1, 1, 1, 1, 1, 1, 1, 1, 1, 1, 1, 1, 1, 1, 1, 1, 1, 1, 1, 1, 1, 1, 1, 1, 1, 1, 1, 1, 1, 1, 1, 1, 1, 1, 1, 1, 1, 1, 1, 1, 1, 1, 1, 1, 1, 1, 1, 1, 1, 1, 1, 1, 1, 1, 1, 1, 1, 1, 1, 1, 1, 1, 1, 1, 1, 1, 1, 1, 1, 1, 1, 1, 1, 1, 1, 1, 1, 1, 1, 1, 1, 1, 1, 1, 1, 1, 1, 1, 1, 1, 1, 1, 1, 1, 1, 1, 1, 1, 1, 1, 1, 1, 1, 1, 1, 1, 1, 1, 1, 1, 1, 1, 1, 1, 1, 1, 1, 1, 1, 1, 1, 1, 1, 1, 1, 1, 1, 1, 1, 1, 1, 1, 1, 1, 1, 1, 1, 1, 1, 1, 1, 1, 1, 1, 1, 1, 1, 1, 1, 1, 1, 1, 1, 1, 1, 1, 1, 1, 1, 1, 1, 1, 1, 1, 1, 1, 1, 1, 1, 1, 1, 1, 1, 1, 1, 1, 1, 1, 1, 1, 1, 1, 1, 1, 1, 1, 1, 1, 1, 1, 1, 1, 1, 1, 1, 1, 1, 1, 1, 1, 1, 1, 1, 1, 1, 1, 1, 1, 1, 1, 1, 1, 1, 1, 1, 1, 1, 1, 1, 1, 1, 1, 1, 1, 1, 1, 1, 1, 1, 1, 1, 1, 1, 1, 1, 1, 1, 1, 1, 1, 1, 1, 1, 1, 1, 1, 1, 1, 1, 1, 1, 1, 1, 1, 1, 1, 1, 1, 1, 1, 1, 1, 1, 1, 1, 1, 1, 1, 1, 1, 1, 1, 1, 1, 1, 1, 1, 1, 1, 1, 1, 1, 1, 1, 1, 1, 1, 1, 1, 1, 1, 1, 1, 1, 1, 1, 1, 1, 1, 1, 1, 1, 1, 1, 1, 1, 1, 1, 1, 1, 1, 1, 1, 1, 1, 1, 1, 1, 1, 1, 1, 1, 1, 1, 1, 1, 1, 1, 1, 1, 1, 1, 1, 1, 1, 1, 1, 1, 1, 1, 1, 1, 1, 1, 1, 1, 1, 1, 1, 1, 1, 1, 1, 1, 1, 1, 1, 1, 1, 1, 1, 1, 1, 1, 1, 1, 1, 1, 1, 1, 1, 1, 1, 1, 1, 1, 1, 1, 1, 1, 1, 1, 1, 1, 1, 1, 1, 1, 1, 1, 1, 1, 1, 1, 1, 1, 1, 1, 1, 1, 1, 1, 1, 1, 1, 1, 1, 1, 1, 1, 1, 1, 1, 1, 1, 1, 1, 1, 1, 1, 1, 1, 1, 1, 1, 1, 1, 1, 1, 1, 1, 1, 1, 1, 1, 1, 1, 1, 1, 1, 1, 1, 1, 1, 1, 1, 1, 1, 1, 1, 1, 1, 1, 1, 1, 1, 1, 1, 1, 1, 1, 1, 1, 1, 1, 1, 1, 1, 1, 1, 1, 1, 1, 1, 1, 1, 1, 1, 1, 1, 1, 1, 1, 1, 1, 1, 1, 1, 1, 1, 1, 1, 1, 1, 1, 1, 1, 1, 1, 1, 1, 1, 1, 1, 1, 1, 1, 1, 1, 1, 1, 1, 1, 1, 1, 1, 1, 1, 1, 1, 1, 1, 1, 1, 1, 1, 1, 1, 1, 1, 1, 1, 1, 1, 1, 1, 1, 1, 1, 1, 1, 1, 1, 1, 1, 1, 1, 1, 1, 1, 1, 1, 1, 1, 1, 1, 1, 1, 1, 1, 1, 1, 1, 1, 1, 1, 1, 1, 1, 1, 1, 1, 1, 1, 1, 1, 1, 1, 1, 1, 1, 1, 1, 1, 1, 1, 1, 1, 1, 1, 1, 1, 1, 1, 1, 1, 1, 1, 1, 1, 1, 1, 1, 1, 1, 1, 1, 1, 1, 1, 1, 1, 1, 1, 1, 1, 1, 1, 1, 1, 1, 1, 1, 1, 1, 1, 1, 1, 1, 1, 1, 1, 1, 1, 1, 1, 1, 1, 1, 1, 1, 1, 1, 1, 1, 1, 1, 1, 1, 1, 1, 1, 1, 1, 1, 1, 1, 1, 1, 1, 1, 1, 1, 1, 1, 1, 1, 1, 1, 1, 1, 1, 1, 1, 1, 1, 1, 1, 1, 1, 1, 1, 1, 1, 1, 1, 1, 1, 1, 1, 1, 1, 1, 1, 1, 1, 1, 1, 1, 1, 1, 1, 1, 1, 1, 1, 1, 1, 1, 1, 1, 1, 1, 1, 1, 1, 1, 1, 1, 1, 1, 1, 1, 1, 1, 1, 1, 1, 1, 1, 1, 1, 1, 1, 1, 1, 1, 1, 1, 1, 1, 1, 1, 1, 1, 1, 1, 1, 1, 1, 1, 1, 1, 1, 1, 1, 1, 1, 1, 1, 1, 1, 1, 1, 1, 1, 1, 1, 1, 1, 1, 1, 1, 1, 1, 1, 1, 1, 1, 1, 1, 1, 1, 1, 1, 1, 1, 1, 1, 1, 1, 1, 1, 1, 1, 1, 1, 1, 1, 1, 1, 1, 1, 1, 1, 1, 1, 1, 1, 1, 1, 1, 1, 1, 1, 1, 1, 1, 1, 1, 1, 1, 1, 1, 1, 1, 1, 1, 1, 1, 1, 1, 1, 1, 1, 1, 1, 1, 1, 1, 1, 1, 1, 1, 1, 1, 1, 1, 1, 1, 1, 1, 1, 1, 1, 1, 1, 1, 1, 1, 1, 1, 1, 1, 1, 1, 1, 1, 1, 1, 1, 1, 1, 1, 1, 1, 1, 1, 1, 1, 1, 1, 1, 1, 1, 1, 1, 1, 1, 1, 1, 1, 1, 1, 1, 1, 1, 1, 1, 1, 1, 1, 1, 1, 1, 1, 1, 1, 1, 1, 1, 1, 1, 1, 1, 1, 1, 1, 1, 1, 1, 1, 1, 1, 1, 1, 1, 1, 1, 1, 1, 1, 1, 1, 1, 1, 1, 1, 1, 1, 1, 1, 1, 1, 1, 1, 1, 1, 1, 1, 1, 1, 1, 1, 1, 1, 1, 1, 1, 1, 1, 1, 1, 1, 1, 1, 1, 1, 1, 1, 1, 1, 1, 1, 1, 1, 1, 1, 1, 1, 1, 1, 1, 1, 1, 1, 1, 1, 1, 1, 1, 1, 1, 1, 1, 1, 1, 1, 1, 1, 1, 1, 1, 1, 1, 1, 1, 1, 1, 1, 1, 1, 1, 1, 1, 1, 1, 1, 1, 1, 1, 1, 1, 1, 1, 1, 1, 1, 1, 1, 1, 1, 1, 1, 1, 1, 1, 1, 1, 1, 1, 1, 1, 1, 1, 1, 1, 1, 1, 1, 1, 1, 1, 1, 1, 1, 1, 1, 1, 1, 1, 1, 1, 1, 1, 1, 1, 1, 1, 1, 1, 1, 1, 1, 1, 1, 1, 1, 1, 1, 1, 1, 1, 1, 1, 1, 1, 1, 1, 1, 1, 1, 1, 1, 1, 1, 1, 1, 1, 1, 1, 1, 1, 1, 1, 1, 1, 1, 1, 1, 1, 1, 1, 1, 1, 1, 1, 1, 1, 1, 1, 1, 1, 1, 1, 1, 1, 1, 1, 1, 1, 1, 1, 1, 1, 1, 1, 1, 1, 1, 1, 1, 1, 1, 1, 1, 1, 1, 1, 1, 1, 1, 1, 1, 1, 1, 1, 1, 1, 1, 1, 1, 1, 1, 1, 1, 1, 1, 1, 1, 1, 1, 1, 1, 1, 1, 1, 1, 1, 1, 1, 1, 1, 1, 1, 1, 1, 1, 1, 1, 1, 1, 1, 1, 1, 1, 1, 1, 1, 1, 1, 1, 1, 1, 1, 1, 1, 1, 1, 1, 1, 1, 1, 1, 1, 1, 1, 1, 1, 1, 1, 1, 1, 1, 1, 1, 1, 1, 1, 1, 1, 1, 1, 1, 1, 1, 1, 1, 1, 1, 1, 1, 1, 1, 1, 1, 1, 1, 1, 1, 1, 1, 1, 1, 1, 1, 1, 1, 1, 1, 1, 1, 1, 1, 1, 1, 1, 1, 1, 1, 1, 1, 1, 1, 1, 1, 1, 1, 1, 1, 1, 1, 1, 1, 1, 1, 1, 1, 1, 1, 1, 1, 1, 1, 1, 1, 1, 1, 1, 1, 1, 1, 1, 1, 1, 1, 1, 1, 1, 1, 1, 1, 1, 1, 1, 1, 1, 1, 1, 1, 1, 1, 1, 1, 1, 1, 1, 1, 1, 1, 1, 1, 1, 1, 1, 1, 1, 1, 1, 1, 1, 1, 1, 1, 1, 1, 1, 1, 1, 1, 1, 1, 1, 1, 1, 1, 1, 1, 1, 1, 1, 1, 1, 1, 1, 1, 1, 1, 1, 1, 1, 1, 1, 1, 1, 1, 1, 1, 1, 1, 1, 1, 1, 1, 1, 1, 1, 1, 1, 1, 1, 1, 1, 1, 1, 1, 1, 1, 1, 1, 1, 1, 1, 1, 1, 1]
Longest Shortest Paths: [15, 14, 16, 15, 16, 16, 16, 17, 13, 17, 16, 16, 16, 15, 16, 16, 17, 15, 15, 16, 16, 17, 16, 16, 17, 14, 17, 17, 17, 15, 17, 16, 18, 18, 16, 14, 15, 16, 15, 15, 16, 17, 16, 16, 17, 17, 16, 16, 15, 18, 16, 17, 17, 17, 16, 15, 14, 16, 18, 17, 16, 16, 16, 16, 15, 18, 18, 16, 17, 15, 17, 18, 16, 16, 18, 16, 17, 17, 16, 17, 16, 14, 17, 15, 16, 18, 15, 17, 17, 17, 18, 18, 16, 16, 17, 17, 15, 17, 17, 17, 16, 17, 18, 16, 17, 16, 17, 18, 18, 16, 16, 18, 14, 16, 16, 14, 15, 17, 17, 17, 17, 17, 16, 15, 17, 16, 18, 17, 18, 17, 16, 17, 15, 16, 17, 15, 17, 17, 17, 16, 17, 16, 16, 16, 17, 17, 16, 17, 16, 14, 19, 16, 18, 18, 17, 16, 16, 17, 18, 18, 18, 17, 17, 18, 15, 16, 16, 16, 18, 18, 18, 17, 18, 17, 18, 16, 14, 15, 18, 17, 16, 18, 18, 17, 17, 18, 17, 15, 19, 18, 16, 16, 15, 16, 16, 17, 17, 18, 16, 17, 18, 18, 16, 18, 18, 19, 16, 17, 18, 16, 18, 18, 19, 18, 17, 19, 16, 15, 15, 14, 17, 16, 19, 15, 18, 18, 16, 16, 18, 16, 15, 15, 18, 16, 18, 15, 17, 17, 18, 17, 16, 18, 19, 15, 19, 16, 18, 18, 16, 18, 18, 18, 17, 19, 18, 19, 17, 18, 17, 16, 16, 14, 17, 17, 17, 17, 17, 17, 18, 18, 17, 17, 15, 18, 19, 18, 17, 17, 14, 18, 19, 19, 18, 19, 18, 17, 18, 17, 19, 17, 17, 18, 16, 17, 18, 15, 15, 19, 18, 19, 19, 17, 17, 17, 17, 17, 18, 16, 17, 16, 18, 16, 17, 18, 18, 18, 19, 20, 16, 16, 17, 20, 19, 18, 19, 18, 16, 16, 17, 16, 19, 18, 17, 17, 14, 17, 18, 16, 18, 18, 15, 17, 17, 17, 16, 16, 16, 19, 19, 19, 17, 16, 14, 17, 19, 21, 17, 16, 17, 18, 17, 15, 18, 17, 18, 16, 16, 18, 16, 19, 21, 18, 16, 17, 20, 17, 19, 18, 19, 18, 19, 17, 17, 19, 19, 14, 15, 20, 17, 16, 17, 18, 17, 19, 17, 17, 18, 18, 18, 19, 18, 21, 20, 17, 16, 19, 18, 19, 20, 16, 17, 19, 18, 16, 20, 18, 18, 18, 19, 19, 17, 19, 18, 18, 18, 17, 18, 18, 20, 18, 17, 19, 18, 17, 17, 17, 16, 17, 20, 17, 16, 18, 18, 18, 18, 19, 17, 19, 18, 18, 18, 17, 16, 17, 16, 16, 21, 19, 16, 18, 17, 18, 18, 18, 19, 17, 18, 19, 17, 17, 17, 16, 18, 17, 18, 15, 17, 15, 19, 20, 19, 16, 17, 17, 15, 17, 16, 19, 17, 19, 18, 20, 18, 17, 17, 17, 15, 19, 16, 16, 19, 19, 20, 20, 16, 16, 17, 17, 20, 17, 17, 18, 18, 19, 17, 19, 15, 18, 17, 16, 17, 18, 19, 17, 17, 17, 18, 18, 21, 17, 17, 16, 17, 18, 17, 17, 16, 19, 20, 18, 18, 18, 17, 19, 19, 18, 20, 19, 18, 16, 19, 19, 16, 17, 17, 16, 19, 19, 18, 16, 16, 16, 20, 17, 18, 17, 18, 19, 18, 16, 19, 17, 17, 19, 16, 19, 17, 15, 18, 16, 16, 18, 17, 17, 19, 16, 19, 16, 18, 16, 18, 18, 19, 18, 19, 16, 20, 19, 18, 19, 18, 16, 19, 18, 17, 16, 18, 16, 18, 20, 15, 19, 15, 15, 19, 18, 16, 19, 18, 18, 18, 18, 18, 21, 15, 17, 16, 18, 17, 17, 17, 17, 17, 20, 17, 16, 17, 16, 16, 18, 18, 18, 18, 19, 17, 17, 17, 16, 18, 17, 19, 20, 19, 17, 17, 18, 17, 17, 16, 19, 18, 17, 16, 17, 17, 16, 18, 18, 16, 21, 18, 19, 17, 17, 17, 17, 17, 18, 18, 19, 20, 18, 15, 15, 17, 15, 19, 18, 18, 16, 19, 19, 17, 16, 16, 17, 17, 18, 19, 17, 17, 19, 17, 18, 18, 17, 19, 19, 18, 18, 17, 19, 17, 17, 19, 19, 17, 17, 16, 17, 17, 19, 17, 18, 17, 17, 17, 17, 17, 17, 18, 19, 17, 17, 20, 17, 20, 16, 20, 17, 16, 17, 18, 16, 18, 16, 16, 18, 19, 16, 19, 19, 18, 19, 20, 18, 17, 18, 17, 19, 15, 19, 17, 18, 18, 18, 17, 17, 20, 18, 16, 18, 18, 17, 18, 16, 15, 15, 17, 16, 14, 20, 18, 17, 16, 18, 19, 16, 18, 19, 20, 16, 15, 16, 19, 18, 16, 17, 18, 18, 17, 18, 16, 18, 19, 20, 18, 18, 16, 17, 19, 18, 19, 15, 16, 16, 19, 17, 18, 20, 19, 16, 18, 18, 15, 18, 19, 21, 16, 17, 19, 18, 20, 18, 16, 17, 16, 19, 16, 18, 18, 17, 17, 17, 18, 17, 18, 17, 17, 18, 18, 18, 18, 18, 17, 18, 18, 17, 19, 17, 20, 19, 16, 18, 19, 20, 17, 19, 16, 18, 17, 19, 17, 18, 19, 20, 19, 18, 18, 17, 20, 19, 20, 20, 17, 18, 19, 17, 18, 18, 19, 17, 16, 17, 21, 18, 18, 16, 19, 17, 18, 18, 18, 17, 17, 19, 18, 19, 20, 18, 18, 15, 21, 20, 18, 18, 16, 19, 17, 18, 19, 18, 18, 17, 18, 21, 17, 18, 18, 20, 19, 19, 17, 19, 20, 18, 15, 17, 19, 17, 17, 19, 18, 17, 19, 17, 15, 16, 18, 18, 17, 17, 21, 20, 17, 19, 18, 19, 14, 17, 17, 16, 16, 16, 18, 17, 17, 17, 18, 18, 19, 18, 20, 19, 15, 18, 17, 18, 16, 16, 18, 19, 19, 19, 14, 18, 17, 17, 17, 18, 18, 16, 18, 14, 14, 19, 16, 17, 18, 19, 20, 17, 18, 18, 18, 18, 17, 16, 16, 19, 16, 19, 18, 16, 18, 16, 20, 19, 16, 20, 19, 20, 17, 19, 18, 17, 22, 19, 17, 18, 18, 17, 17, 18, 17, 18, 18, 17, 18, 18, 21, 19, 20, 16, 19, 18, 18, 18, 16, 17, 16, 17, 19, 18, 17, 18, 17, 17, 16, 18, 16, 15, 19, 16, 18, 16, 18, 18, 19, 15, 18, 19, 16, 20, 20, 18, 18, 18, 17, 16, 17, 18, 15, 20, 20, 17, 17, 19, 18, 16, 20, 19, 17, 19, 18, 19, 18, 18, 17, 18, 19, 18, 20, 18, 18, 19, 16, 18, 19, 16, 20, 17, 20, 19, 17, 17, 19, 18, 19, 18, 16, 16, 19, 15, 19, 18, 18, 16, 19, 19, 19, 19, 19, 16, 18, 20, 19, 16, 18, 18, 18, 18, 18, 17, 17, 18, 18, 17, 20, 18, 18, 18, 18, 17, 16, 16, 19, 18, 19, 18, 16, 19, 17, 20, 16, 18, 18, 20, 16, 19, 19, 17, 18, 20, 16, 19, 20, 19, 18, 17, 19, 18, 16, 18, 16, 16, 22, 17, 16, 19, 20, 17, 18, 14, 17, 18, 19, 19, 20, 18, 18, 18, 18, 18, 15, 17, 19, 19, 17, 17, 18, 18, 19, 18, 17, 17, 19, 17, 14, 17, 18, 18, 18, 17, 19, 18, 22, 18, 17, 16, 19, 18, 16, 15, 18, 19, 18, 20, 17, 18, 17, 19, 18, 18, 19, 17, 17, 16, 18, 18, 17, 19, 18, 20, 17, 17, 18, 19, 20, 17, 15, 15, 21, 18, 19, 20, 15, 19, 20, 17, 18, 17, 19, 19, 19, 19, 17, 18, 16, 18, 19, 20, 18, 16, 17, 18, 19, 19, 19, 18, 18, 19, 18, 17, 18, 20, 18, 19, 18, 18, 20, 15, 19, 17, 20, 18, 18, 17, 16, 20, 20, 23, 17, 18, 19, 18, 19, 20, 16, 20, 19, 18, 19, 19, 18, 20, 17, 18, 17, 17, 19, 18, 19, 19, 20, 20, 18, 18, 20, 18, 20, 19, 20, 18, 19, 19, 17, 17, 17, 17, 19, 18, 18, 19, 18, 19, 18, 19, 17, 18, 19, 19, 17, 15, 18, 16, 15, 17, 17, 19, 18, 22, 20, 17, 17, 17, 17, 17, 20, 18, 20, 16, 18, 21, 18, 17, 21, 18, 17, 18, 18, 17, 17, 16, 19, 16, 18, 14, 20, 17, 15, 16, 17, 18, 17, 18, 18, 18, 20, 20, 16, 19, 20, 19, 19, 21, 19, 18, 18, 18, 18, 19, 19, 19, 19, 19, 21, 16, 19, 16, 19, 19, 18, 19, 17, 18, 17, 20, 20, 19, 19, 17, 18, 18, 17, 18, 19, 18, 17, 19, 18, 19, 14, 18, 16, 19, 18, 20, 18, 20, 16, 21, 18, 18, 17, 20, 19, 20, 15, 16, 17, 18, 16, 19, 19, 20, 19, 18, 18, 20, 17, 17, 19, 19, 18, 17, 19, 18, 17, 15, 19, 15, 17, 18, 18, 18, 17, 16, 16, 17, 18, 19, 16, 19, 19, 19, 19, 18, 16, 17, 19, 18, 18, 19, 16, 19, 18, 19, 20, 17, 19, 18, 17, 18, 19, 16, 19, 18, 18, 18, 17, 21, 18, 20, 15, 20, 18, 18, 17, 20, 18, 19, 20, 17, 20, 20, 16, 18, 17, 19, 18, 17, 20, 16, 18, 18, 16, 17, 17, 17, 19, 20, 17, 18, 19, 19, 19, 18, 17, 18, 18, 19, 17, 17, 16, 18, 19, 17, 17, 20, 19, 17, 17, 16, 18, 18, 18, 18, 22, 19, 19, 19, 18, 17, 17, 17, 17, 17, 20, 18, 19, 17, 17, 17, 16, 20, 16, 16, 18, 17, 17, 18, 19, 20, 15, 18, 18, 20, 17, 16, 22, 16, 19, 19, 19, 18, 18, 16, 20, 17, 19, 16, 19, 17, 18, 17, 21, 17, 20, 19, 20, 19, 18, 17, 18, 20, 20, 18, 21, 18, 18, 18, 17, 16, 19, 17, 16, 17, 15, 17, 16, 19, 18, 19, 17, 18, 17, 19, 18, 16, 19, 19, 17, 17, 16, 18, 18, 18, 18, 18, 16, 18, 19, 20, 19, 16, 21, 18, 20, 17, 20, 18, 19, 17, 19, 18, 20, 16, 19, 18, 18, 19, 17, 20, 20, 18, 18, 18, 18, 19, 18, 21, 19, 17, 18, 18, 17, 19, 16, 17, 18, 18, 20, 19, 19, 17, 17, 18, 14, 17, 20, 14, 20, 17, 20, 19, 17, 17, 20, 16, 20, 18, 20, 19, 18, 20, 19, 19, 20, 20, 17, 20, 19, 20, 20, 19, 19, 17, 17, 17, 19, 17, 18, 21, 17, 18, 20, 19, 18, 18, 17, 18, 17, 19, 17, 16, 18, 17, 19, 18, 19, 19, 20, 18, 19, 17, 20, 17, 17, 19, 18, 16, 16, 21, 18, 20, 17, 17, 19, 17, 21, 19, 20, 17, 18, 18, 18, 18, 17, 16, 18, 20, 21, 20, 18, 20, 16, 15, 19, 17, 18, 17, 19, 19, 18, 17, 19, 20, 17, 18, 20, 16, 15, 16, 17, 20, 18, 19, 15, 16, 17, 19, 20, 20, 19, 21, 18, 19, 17, 17, 17, 20, 20, 17, 16, 17, 18, 18, 14, 17, 19, 16, 15, 18, 18, 17, 17, 17, 19, 20, 21, 19, 18, 22, 18, 17, 17, 19, 20, 19, 19, 20, 17, 18, 17, 18, 19, 19, 17, 19, 18, 17, 17, 17, 18, 18, 16, 19, 21, 18, 18, 18, 21, 18, 18, 17, 20, 18, 16, 16, 19, 19, 19, 19, 18, 18, 19, 18, 19, 18, 18, 18, 16, 16, 18, 19, 19, 18, 18, 17, 18, 20, 17, 20, 16, 17, 18, 20, 16, 18, 15, 17, 16, 19, 18, 19, 18, 21, 18, 16, 15, 18, 18, 19, 16, 20, 17, 20, 20, 14, 18, 20, 17, 19, 20, 17, 20, 18, 17, 17, 17, 17, 21, 17, 19, 17, 17, 19, 20, 15, 14, 17, 18, 19, 18, 18, 16, 20, 21, 17, 17, 18, 18, 16, 17, 16, 18, 19, 19, 19, 18, 16, 20, 18, 18, 19, 18, 23, 16, 19, 17, 20, 20, 20, 18, 18, 21, 18, 18, 19, 20, 19, 16, 16, 19, 20, 19, 18, 16, 16, 18, 17, 18, 18, 18, 15, 18, 19, 19, 20, 17, 18, 20, 16, 18, 18, 15, 20, 20, 17, 20, 19, 19, 20, 19, 19, 19, 18, 18, 15, 20, 20, 20, 19, 17, 19, 18, 20, 19, 19, 19, 17, 21, 16, 21, 18, 20, 19, 19, 16, 18, 18, 16, 18, 19, 20, 20, 18, 16, 20, 19, 15, 18, 19, 17, 19, 19, 16, 17, 17, 20, 17, 16, 20, 19, 22, 14, 20, 18, 20, 20, 20, 17, 20, 16, 16, 17, 18, 20, 19, 19, 17, 18, 18, 19, 18, 16, 19, 20, 21, 18, 18, 19, 17, 18, 20, 20, 18, 21, 21, 20, 20, 20, 17, 19, 17, 17, 19, 18, 16, 18, 17, 18, 18, 20, 17, 16, 17, 18, 19, 18, 20, 21, 19, 16, 20, 18, 17, 17, 17, 17, 20, 18, 17, 19, 20, 19, 17, 19, 19, 19, 19, 18, 21, 16, 19, 17, 17, 18, 18, 18, 17, 19, 18, 19, 18, 20, 16, 19, 17, 17, 21, 19, 16, 19, 18, 16, 19, 17, 18, 19, 17, 20, 21, 17, 18, 20, 20, 16, 17, 16, 16, 20, 17, 18, 21, 19, 22, 16, 19, 19, 16, 21, 17, 21, 18, 20, 18, 16, 18, 19, 20, 21, 16, 16, 18, 17, 18, 19, 18, 19, 19, 18, 19, 16, 19, 19, 17, 21, 19, 19, 19, 18, 18, 20, 18, 18, 17, 17, 18, 18, 18, 19, 22, 19, 19, 20, 16, 17, 17, 17, 19, 19, 18, 16, 20, 19, 20, 17, 17, 19, 17, 18, 18, 17, 19, 19, 21, 16, 16, 17, 17, 17, 19, 19, 18, 19, 18, 19, 17, 19, 18, 17, 21, 18, 15, 19, 17, 16, 18, 19, 19, 17, 19, 19, 21, 17, 21, 22, 20, 21, 17, 19, 17, 18, 17, 17, 18, 16, 19, 19, 19, 20, 17, 19, 18, 18, 20, 21, 17, 18, 17, 20, 16, 18, 20, 20, 19, 18, 20, 20, 19, 17, 21, 19, 17, 18, 19, 21, 19, 20, 21, 20, 19, 17, 18, 16, 21, 19, 22, 19, 18, 20, 19, 18, 20, 15, 19, 19, 17, 18, 19, 19, 17, 19, 22, 15, 18, 21, 19, 18, 18, 20, 17, 20, 19, 19, 19, 19, 18, 17, 18, 19, 20, 17, 17, 18, 20, 18, 18, 17, 18, 21, 18, 19, 19, 19, 19, 19, 19, 18, 18, 20, 19, 18, 17, 15, 17, 20, 19, 19, 20, 17, 19, 20, 20, 19, 19, 21, 20, 15, 17, 18, 17, 19, 20, 19, 20, 18, 19, 19, 18, 17, 16, 20, 18, 16, 21, 20, 17, 18, 20, 17, 18, 17, 18, 21, 17, 19, 16, 18, 20, 22, 17, 19, 17, 19, 20, 20, 17, 20, 16, 20, 19, 20, 16, 18, 16, 22, 20, 21, 21, 19, 19, 18, 19, 19, 18, 18, 18, 19, 20, 18, 20, 17, 18, 18, 17, 20, 18, 20, 20, 18, 17, 17, 18, 21, 18, 19, 18, 18, 18, 17, 15, 17, 17, 17, 19, 18, 18, 19, 19, 17, 19, 18, 16, 18, 20, 18, 19, 19, 18, 18, 18, 19, 18, 18, 19, 19, 16, 17, 19, 19, 20, 18, 19, 22, 18, 18, 20, 18, 18, 18, 18, 20, 19, 19, 19, 19, 18, 18, 18, 18, 18, 19, 18, 18, 17, 15, 15, 19, 19, 18, 18, 17, 22, 19, 18, 21, 19, 16, 20, 18, 19, 20, 18, 19, 16, 17, 18, 20, 19, 19, 20, 18, 18, 19, 19, 18, 18, 17, 16, 19, 18, 18, 19, 18, 19, 20, 21, 17, 19, 20, 19, 18, 20, 18, 21, 16, 19, 20, 22, 17, 18, 16, 21, 18, 16, 19, 21, 18, 20, 18, 18, 20, 14, 19, 20, 16, 16, 18, 20, 20, 18, 19, 20, 20, 19, 19, 17, 20, 19, 18, 19, 20, 18, 20, 17, 18, 17, 15, 17, 20, 22, 15, 19, 19, 19, 17, 18, 19, 16, 18, 19, 19, 21, 20, 14, 19, 20, 19, 16, 18, 22, 17, 18, 15, 18, 17, 15, 18, 18, 18, 19, 17, 17, 17, 19, 18, 18, 18, 20, 20, 17, 18, 19, 17, 23, 20, 17, 18, 20, 18, 16, 19, 20, 17, 19, 21, 20, 17, 18, 17, 18, 18, 18, 17, 17, 17, 20, 16, 20, 19, 22, 19, 17, 16, 19, 20, 21, 17, 19, 20, 21, 18, 19, 19, 16, 17, 18, 17, 20, 19, 18, 18, 19, 17, 19, 20, 18, 18, 20, 20, 16, 16, 19, 18, 21, 18, 18, 16, 19, 17, 19, 19, 16, 18, 19, 19, 20, 19, 18, 17, 17, 20, 20, 19, 19, 21, 15, 16, 17, 20, 21, 16, 19, 18, 22, 21, 18, 18, 21, 17, 20, 20, 20, 16, 19, 20, 17, 20, 19, 15, 19, 18, 16, 19, 19, 18, 18, 15, 20, 19, 21, 18, 19, 17, 18, 20, 18, 17, 17, 17, 19, 18, 21, 18, 19, 18, 17, 16, 17, 18, 20, 19, 17, 18, 19, 19, 15, 21, 17, 18, 20, 20, 20, 17, 21, 16, 17, 18, 18, 19, 17, 18, 17, 20, 18, 18, 17, 16, 17, 17, 18, 20, 17, 17, 17, 16, 18, 17, 19, 18, 20, 18, 20, 19, 19, 19, 17, 19, 17, 17, 17, 17, 18, 19, 20, 19, 17, 19, 18, 17, 19, 19, 15, 19, 20, 15, 19, 16, 18, 18, 20, 18, 18, 16, 14, 18, 20, 17, 18, 16, 18, 17, 20, 20, 21, 21, 18, 20, 22, 20, 18, 17, 16, 19, 17, 21, 19, 19, 18, 17, 20, 17, 20, 18, 19, 19, 18, 18, 17, 17, 21, 18, 18, 19, 20, 18, 19, 19, 20, 21, 20, 17, 19, 20, 18, 18, 17, 17, 19, 18, 20, 19, 20, 18, 17, 20, 17, 19, 17, 19, 20, 16, 18, 16, 18, 21, 17, 20, 20, 19, 17, 18, 18, 18, 18, 19, 21, 18, 18, 18, 16, 22, 19, 18, 19, 19, 18, 16, 19, 16, 18, 18, 20, 19, 21, 19, 14, 19, 18, 17, 21, 19, 15, 15, 18, 22, 18, 20, 20, 18, 17, 21, 19, 18, 17, 16, 19, 20, 17, 21, 20, 18, 19, 17, 18, 19, 16, 17, 17, 19, 19, 19, 19, 17, 21, 16, 18, 22, 17, 22, 19, 19, 17, 21, 19, 19, 20, 19, 18, 18, 20, 19, 20, 20, 19, 20, 20, 19, 18, 18, 17, 19, 18, 18, 20, 16, 17, 19, 16, 19, 20, 17, 18, 19, 18, 20, 16, 18, 18, 16, 22, 17, 19, 18, 16, 20, 18, 16, 20, 16, 20, 17, 19, 19, 21, 16, 17, 20, 16, 20, 21, 17, 19, 19, 20, 18, 22, 19, 20, 17, 17, 17, 16, 19, 20, 19, 16, 17, 18, 18, 19, 17, 16, 22, 18, 20, 17, 17, 17, 18, 17, 17, 16, 19, 17, 17, 21, 18, 19, 14, 18, 19, 18, 18, 17, 18, 20, 18, 21, 17, 20, 18, 18, 20, 19, 19, 18, 18, 18, 19, 19, 20, 20, 19, 20, 17, 19, 18, 15, 19, 17, 20, 18, 20, 19, 19, 17, 19, 20, 16, 17, 18, 17, 18, 17, 18, 18, 21, 17, 17, 18, 20, 18, 15, 21, 19, 17, 18, 18, 18, 18, 19, 17, 19, 16, 19, 19, 22, 20, 20, 19, 18, 19, 18, 20, 18, 20, 16, 17, 17, 20, 17, 21, 18, 22, 18, 21, 19, 17, 19, 18, 20, 20, 18, 20, 15, 20, 21, 19, 19, 18, 18, 20, 16, 18, 21, 18, 17, 17, 20, 19, 16, 20, 19, 18, 20, 22, 18, 19, 17, 18, 18, 18, 21, 20, 19, 19, 19, 19, 18, 19, 16, 19, 21, 22, 16, 18, 19, 17, 18, 20, 17, 19, 18, 17, 19, 19, 17, 19, 19, 19, 20, 16, 18, 18, 16, 20, 19, 19, 21, 18, 18, 17, 17, 22, 19, 21, 16, 18, 18, 19, 18, 16, 18, 18, 19, 19, 17, 20, 18, 17, 19, 17, 21, 17, 23, 18, 20, 19, 19, 19, 17, 18, 17, 21, 20, 19, 21, 21, 19, 17, 19, 19, 21, 19, 18, 19, 20, 19, 17, 17, 20, 19, 14, 20, 17, 21, 18, 19, 20, 17, 19, 19, 20, 21, 18, 21, 18, 18, 22, 18, 18, 18, 16, 19, 16, 18, 18, 18, 20, 17, 18, 17, 16, 18, 17, 16, 18, 17, 19, 20, 16, 22, 21, 20, 14, 22, 17, 16, 20, 17, 16, 19, 20, 18, 17, 19, 21, 17, 19, 17, 20, 20, 21, 18, 18, 20, 16, 20, 19, 17, 19, 19, 19, 18, 18, 20, 19, 16, 16, 19, 17, 19, 18, 17, 19, 16, 18, 19, 17, 17, 18, 18, 19, 20, 21, 17, 16, 18, 21, 17, 18, 21, 18, 16, 20, 18, 20, 19, 18, 19, 20, 19, 20, 15, 19, 18, 16, 19, 20, 19, 20, 18, 20, 19, 18, 20, 18, 20, 16, 17, 16, 20, 16, 21, 18, 19, 19, 19, 19, 16, 19, 17, 20, 19, 16, 18, 18, 17, 16, 17, 21, 21, 15, 19, 20, 20, 17, 21, 19, 18, 19, 19, 19, 19, 20, 23, 15, 19, 18, 20, 17, 20, 17, 18, 20, 20, 17, 19, 17, 19, 18, 18, 19, 19, 19, 19, 21, 20, 20, 19, 17, 18, 18, 18, 18, 21, 21, 20, 19, 17, 18, 18, 20, 18, 19, 19, 18, 18, 20, 18, 21, 20, 20, 19, 18, 18, 20, 18, 16, 18, 15, 16, 17, 18, 15, 17, 20, 20, 18, 20, 21, 21, 17, 20, 17, 19, 20, 18, 19, 19, 20, 18, 21, 20, 17, 18, 18, 18, 20, 18, 18, 18, 17, 16, 18, 17, 18, 18, 19, 17, 20, 15, 19, 17, 19, 21, 20, 21, 18, 18, 19, 16, 19, 22, 18, 21, 19, 19, 17, 17, 19, 17, 18, 18, 22, 18, 18, 21, 19, 19, 19, 18, 19, 20, 19, 18, 18, 20, 19, 19, 17, 18, 17, 17, 18, 17, 17, 21, 17, 17, 19, 19, 19, 19, 18, 19, 17, 19, 18, 16, 19, 21, 16, 18, 18, 21, 17, 18, 17, 18, 18, 17, 18, 18, 16, 16, 20, 19, 16, 19, 20, 20, 18, 19, 19, 18, 15, 17, 22, 19, 18, 20, 16, 18, 21, 21, 19, 17, 18, 19, 18, 20, 16, 18, 19, 18, 18, 20, 20, 19, 18, 19, 19, 18, 18, 17, 17, 17, 20, 19, 18, 18, 17, 17, 19, 19, 21, 21, 17, 18, 21, 23, 20, 18, 19, 18, 18, 19, 21, 19, 17, 19, 21, 18, 20, 19, 21, 17, 19, 21, 20, 20, 20, 20, 19, 19, 18, 19, 17, 21, 17, 21, 17, 15, 18, 20, 18, 20, 18, 18, 17, 19, 17, 19, 18, 21, 18, 16, 21, 19, 18, 16, 18, 19, 21, 18, 17, 17, 16, 18, 19, 18, 17, 20, 19, 17, 18, 18, 16, 18, 20, 17, 19, 19, 16, 18, 17, 15, 21, 17, 19, 19, 21, 19, 16, 21, 18, 19, 17, 18, 19, 17, 18, 20, 17, 21, 20, 19, 24, 18, 19, 21, 19, 19, 17, 14, 18, 17, 17, 19, 19, 19, 19, 21, 20, 21, 18, 18, 22, 20, 20, 18, 18, 15, 18, 19, 18, 19, 16, 19, 19, 18, 17, 18, 18, 18, 16, 18, 17, 19, 16, 18, 15, 17, 20, 19, 16, 19, 18, 19, 19, 19, 19, 18, 17, 20, 19, 18, 19, 21, 19, 18, 20, 20, 18, 18, 18, 17, 19, 18, 18, 19, 18, 19, 20, 21, 20, 20, 20, 18, 22, 20, 19, 17, 19, 19, 21, 18, 20, 18, 17, 18, 18, 17, 15, 20, 17, 18, 19, 22, 20, 19, 17, 17, 17, 20, 20, 18, 19, 20, 19, 17, 18, 17, 19, 19, 23, 17, 19, 15, 18, 22, 18, 18, 15, 17, 21, 18, 18, 20, 18, 16, 17, 21, 17, 20, 21, 16, 20, 16, 19, 15, 17, 18, 20, 17, 17, 19, 18, 18, 20, 20, 19, 19, 19, 17, 20, 18, 17, 19, 19, 17, 17, 18, 18, 19, 19, 17, 18, 21, 19, 19, 18, 21, 18, 21, 19, 17, 20, 21, 16, 15, 18, 18, 19, 18, 19, 17, 19, 18, 19, 21, 17, 19, 17, 17, 18, 18, 18, 19, 17, 19, 20, 16, 19, 20, 19, 16, 19, 16, 18, 20, 17, 18, 16, 21, 19, 16, 16, 19, 20, 19, 17, 19, 20, 20, 19, 18, 19, 16, 18, 20, 21, 22, 19, 22, 22, 20, 18, 21, 17, 19, 18, 22, 20, 21, 17, 19, 18, 20, 20, 19, 16, 18, 19, 17, 16, 19, 20, 18, 20, 18, 19, 21, 18, 18, 19, 16, 19, 20, 17, 19, 18, 19, 22, 19, 18, 17, 17, 19, 20, 17, 20, 20, 16, 20, 20, 18, 19, 18, 20, 19, 16, 17, 17, 16, 19, 18, 18, 21, 14, 19, 16, 20, 20, 18, 17, 16, 20, 19, 17, 16, 21, 19, 21, 18, 18, 18, 19, 19, 24, 18, 20, 19, 18, 20, 17, 18, 18, 19, 20, 17, 21, 19, 24, 18, 18, 19, 17, 19, 20, 19, 18, 19, 18, 20, 18, 19, 19, 20, 18, 21, 17, 18, 22, 20, 20, 16, 22, 19, 18, 19, 19, 21, 19, 18, 17, 19, 16, 17, 20, 18, 16, 20, 18, 18, 20, 21, 20, 19, 16, 20, 21, 19, 19, 22, 18, 20, 17, 15, 19, 18, 20, 17, 17, 18, 20, 16, 18, 20, 18, 19, 17, 17, 18, 18, 18, 14, 19, 21, 19, 19, 18, 18, 16, 20, 20, 14, 18, 18, 18, 19, 22, 20, 21, 23, 19, 19, 17, 20, 18, 19, 17, 18, 20, 17, 18, 16, 17, 21, 18, 22, 21, 19, 19, 18, 19, 16, 18, 20, 20, 20, 17, 19, 22, 18, 18, 18, 19, 21, 21, 20, 23, 16, 17, 20, 18, 17, 18, 17, 19, 19, 18, 21, 16, 17, 22, 19, 17, 20, 19, 16, 21, 18, 19, 17, 17, 19, 16, 17, 20, 20, 18, 18, 19, 21, 18, 20, 21, 19, 18, 20, 19, 21, 20, 20, 18, 17, 20, 17, 20, 17, 19, 19, 19, 19, 16, 19, 18, 20, 18, 16, 19, 22, 19, 17, 19, 19, 20, 17, 19, 19, 16, 19, 20, 18, 20, 20, 19, 17, 18, 18, 20, 19, 18, 17, 16, 19, 19, 20, 16, 19, 19, 18, 24, 19, 19, 15, 15, 16, 19, 23, 17, 18, 19, 19, 19, 15, 18, 19, 19, 18, 18, 18, 20, 20, 18, 18, 18, 19, 19, 20, 18, 19, 19, 17, 19, 21, 23, 18, 21, 18, 20, 17, 16, 19, 18, 18, 22, 19, 17, 17, 19, 17, 20, 21, 21, 20, 19, 19, 18, 18, 18, 18, 15, 16, 19, 19, 20, 19, 17, 16, 19, 22, 20, 20, 19, 18, 15, 19, 16, 18, 19, 18, 16, 18, 19, 18, 20, 18, 21, 19, 19, 20, 19, 18, 20, 15, 19, 23, 17, 21, 23, 20, 19, 17, 18, 19, 20, 23, 19, 19, 19, 19, 16, 21, 19, 19, 18, 19, 18, 16, 19, 16, 18, 20, 20, 20, 20, 18, 18, 19, 19, 19, 21, 14, 18, 19, 17, 19, 20, 18, 20, 19, 21, 19, 17, 21, 17, 18, 19, 17, 17, 22, 18, 21, 19, 18, 19, 18, 18, 20, 19, 20, 17, 18, 19, 17, 19, 16, 16, 19, 18, 19, 19, 20, 21, 20, 18, 19, 19, 20, 21, 17, 20, 17, 19, 20, 18, 19, 20, 17, 20, 15, 20, 18, 17, 18, 18, 22, 20, 21, 21, 20, 20, 20, 20, 17, 20, 20, 19, 18, 18, 23, 19, 22, 20, 21, 20, 19, 20, 16, 16, 17, 17, 19, 18, 20, 17, 17, 16, 19, 18, 21, 17, 16, 19, 19, 18, 17, 17, 18, 15, 20, 18, 20, 17, 18, 19, 17, 19, 21, 16, 19, 20, 18, 20, 18, 21, 20, 19, 17, 22, 18, 18, 18, 16, 20, 20, 19, 17, 21, 22, 17, 21, 19, 20, 17, 17, 17, 18, 16, 22, 21, 18, 20, 19, 17, 18, 19, 22, 18, 20, 17, 16, 16, 20, 17, 20, 19, 18, 20, 22, 20, 18, 19, 19, 17, 20, 19, 15, 20, 22, 19, 20, 18, 18, 19, 18, 16, 17, 19, 20, 17, 19, 19, 18, 18, 21, 20, 17, 16, 16, 18, 23, 21, 21, 18, 21, 17, 17, 18, 17, 20, 19, 15, 19, 19, 23, 20, 18, 17, 19, 21, 19, 17, 20, 16, 18, 20, 19, 18, 16, 18, 20, 20, 18, 18, 17, 19, 17, 19, 22, 19, 17, 21, 18, 19, 18, 18, 23, 18, 17, 19, 17, 18, 17, 21, 19, 19, 20, 21, 21, 17, 17, 20, 17, 16, 19, 19, 16, 18, 18, 18, 18, 19, 21, 16, 18, 19, 21, 19, 17, 19, 17, 18, 17, 17, 19, 21, 20, 16, 20, 19, 20, 20, 19, 19, 20, 17, 21, 18, 21, 21, 20, 17, 18, 18, 16, 20, 16, 20, 18, 20, 17, 16, 20, 17, 19, 20, 18, 20, 19, 16, 19, 18, 16, 22, 20, 20, 21, 19, 19, 20, 16, 17, 18, 20, 20, 19, 17, 23, 20, 16, 17, 19, 16, 18, 18, 17, 20, 18, 17, 18, 20, 16, 20, 17, 20, 19, 20, 22, 17, 19, 18, 19, 19, 17, 18, 18, 18, 21, 20, 20, 19, 19, 20, 19, 21, 20, 18, 18, 20, 19, 19, 21, 18, 18, 19, 19, 18, 23, 20, 17, 18, 19, 18, 16, 19, 18, 20, 19, 18, 19, 18, 16, 20, 19, 18, 17, 18, 18, 19, 17, 19, 19, 19, 20, 20, 20, 18, 19, 17, 20, 19, 20, 18, 18, 21, 23, 19, 19, 17, 17, 21, 21, 18, 17, 19, 20, 21, 18, 22, 20, 17, 18, 19, 20, 16, 19, 20, 20, 20, 17, 18, 18, 19, 19, 16, 16, 19, 18, 19, 16, 19, 20, 17, 17, 20, 18, 21, 20, 19, 17, 20, 17, 20, 19, 20, 19, 20, 19, 18, 17, 18, 18, 19, 18, 20, 20, 20, 18, 17, 18, 19, 21, 16, 16, 24, 19, 17, 16, 18, 22, 20, 17, 17, 18, 19, 19, 17, 21, 16, 20, 19, 18, 16, 19, 21, 20, 17, 20, 20, 20, 20, 21, 21, 20, 17, 21, 20, 18, 19, 20, 17, 19, 19, 17, 17, 18, 21, 20, 18, 17, 17, 18, 15, 20, 19, 21, 21, 19, 19, 18, 19, 19, 18, 18, 18, 20, 19, 18, 18, 19, 18, 20, 21, 18, 16, 19, 21, 17, 21, 17, 17, 23, 21, 19, 18, 19, 16, 17, 17, 20, 18, 17, 19, 19, 21, 19, 17, 21, 18, 18, 18, 17, 17, 18, 19, 19, 21, 21, 19, 17, 19, 17, 20, 19, 18, 20, 22, 17, 19, 20, 19, 17, 19, 17, 19, 16, 19, 20, 21, 20, 19, 18, 20, 18, 17, 24, 17, 19, 19, 18, 21, 20, 17, 18, 20, 21, 17, 19, 18, 16, 19, 19, 20, 20, 19, 18, 20, 18, 19, 18, 18, 21, 22, 17, 17, 19, 19, 20, 18, 17, 19, 20, 17, 20, 18, 19, 21, 19, 19, 18, 23, 17, 21, 19, 18, 22, 22, 20, 19, 19, 20, 17, 21, 19, 19, 20, 20, 19, 16, 17, 18, 18, 21, 16, 20, 19, 16, 19, 18, 19, 15, 19, 18, 20, 21, 17, 21, 18, 19, 24, 18, 19, 21, 19, 21, 19, 21, 20, 21, 17, 19, 22, 20, 18, 17, 21, 18, 18, 20, 19, 19, 21, 18, 19, 18, 19, 18, 20, 21, 20, 18, 17, 20, 19, 16, 19, 19, 17, 17, 22, 17, 21, 20, 21, 20, 20, 19, 20, 20, 19, 17, 18, 22, 17, 16, 20, 17, 16, 18, 19, 19, 19, 17, 20, 20, 19, 20, 21, 21, 19, 18, 18, 17, 18, 21, 19, 18, 18, 17, 18, 21, 19, 21, 16, 19, 20, 20, 18, 19, 19, 18, 18, 20, 20, 15, 17, 18, 18, 18, 19, 20, 21, 19, 20, 19, 19, 18, 21, 20, 19, 21, 20, 19, 19, 17, 17, 19, 17, 20, 17, 19, 23, 17, 20, 20, 17, 19, 19, 21, 19, 18, 18, 19, 17, 20, 20, 20, 17, 17, 18, 17, 19, 20, 20, 21, 17, 19, 18, 17, 18, 19, 20, 21, 20, 20, 21, 18, 18, 20, 20, 20, 19, 20, 20, 17, 19, 18, 20, 18, 19, 17, 19, 21, 18, 21, 21, 18, 20, 17, 19, 22, 16, 20, 17, 17, 19, 16, 16, 17, 18, 21, 19, 20, 18, 18, 21, 18, 19, 17, 17, 21, 18, 18, 17, 17, 20, 21, 21, 18, 17, 20, 19, 17, 17, 19, 20, 19, 17, 18, 22, 18, 20, 17, 20, 19, 21, 21, 21, 18, 19, 16, 20, 20, 20, 19, 18, 20, 17, 16, 19, 18, 19, 20, 18, 15, 19, 19, 18, 20, 20, 19, 20, 19, 19, 19, 17, 19, 21, 20, 19, 18, 20, 21, 19, 20, 16, 16, 18, 16, 17, 19, 22, 21, 17, 22, 19, 17, 20, 17, 17, 16, 17, 17, 16, 15, 19, 17, 17, 21, 19, 17, 18, 18, 18, 20, 20, 19, 19, 17, 21, 19, 18, 20, 18, 20, 17, 17, 17, 19, 19, 18, 17, 18, 18, 17, 19, 18, 19, 18, 18, 23, 19, 16, 19, 17, 17, 20, 21, 18, 19, 20, 21, 18, 20, 22, 23, 18, 23, 18, 18, 19, 19, 16, 16, 17, 21, 19, 23, 20, 18, 15, 18, 20, 23, 19, 21, 19, 18, 19, 21, 16, 20, 21, 20, 17, 17, 17, 20, 16, 18, 18, 22, 16, 20, 21, 18, 18, 19, 17, 18, 18, 22, 24, 18, 20, 19, 17, 19, 19, 21, 19, 18, 17, 18, 17, 20, 19, 20, 19, 20, 19, 18, 16, 17, 24, 21, 19, 20, 20, 19, 19, 20, 19, 20, 16, 23, 20, 17, 21, 18, 18, 20, 18, 18, 19, 22, 18, 21, 23, 20, 17, 17, 19, 21, 18, 17, 18, 17, 17, 19, 18, 21, 19, 18, 20, 15, 17, 19, 20, 16, 17, 17, 20, 22, 18, 22, 16, 19, 18, 16, 17, 17, 18, 16, 22, 20, 18, 19, 17, 18, 19, 18, 21, 17, 18, 17, 19, 19, 17, 17, 19, 16, 19, 17, 18, 18, 18, 18, 18, 21, 17, 20, 18, 21, 16, 17, 17, 19, 18, 20, 19, 20, 21, 19, 18, 21, 16, 19, 19, 20, 18, 19, 18, 15, 22, 20, 19, 17, 18, 17, 19, 19, 17, 19, 17, 19, 19, 19, 19, 22, 18, 17, 20, 19, 18, 18, 19, 18, 20, 20, 21, 17, 22, 18, 23, 18, 21, 17, 20, 19, 20, 17, 18, 18, 20, 18, 17, 21, 19, 17, 20, 15, 17, 19, 19, 16, 18, 15, 19, 21, 17, 14, 22, 20, 20, 18, 18, 19, 17, 15, 19, 16, 18, 19, 17, 18, 18, 21, 15, 21, 19, 16, 19, 20, 21, 21, 17, 18, 18, 19, 20, 21, 17, 17, 19, 16, 18, 20, 19, 20, 20, 19, 18, 20, 19, 22, 19, 20, 18, 19, 20, 20, 18, 19, 21, 16, 21, 18, 19, 17, 20, 23, 21, 18, 21, 15, 18, 19, 19, 19, 20, 17, 19, 17, 19, 18, 20, 18, 18, 21, 17, 16, 19, 18, 18, 16, 20, 18, 19, 17, 21, 18, 21, 18, 21, 20, 18, 23, 20, 24, 17, 21, 23, 18, 19, 18, 19, 21, 21, 19, 20, 16, 15, 24, 19, 21, 17, 18, 19, 22, 18, 20, 17, 21, 20, 17, 20, 22, 16, 18, 19, 18, 16, 17, 22, 17, 21, 20, 20, 22, 20, 19, 21, 15, 16, 18, 18, 20, 22, 18, 22, 18, 20, 19, 19, 23, 20, 22, 21, 21, 16, 22, 22, 19, 21, 19, 19, 18, 19, 20, 20, 18, 19, 18, 20, 16, 21, 19, 18, 20, 20, 20, 18, 16, 19, 21, 18, 17, 19, 23, 21, 18, 23, 19, 22, 19, 16, 19, 22, 17, 19, 19, 18, 19, 20, 19, 18, 21, 16, 19, 18, 18, 17, 18, 20, 17, 20, 18, 17, 21, 17, 19, 19, 17, 16, 19, 19, 19, 17, 16, 15, 18, 19, 21, 16, 18, 16, 19, 18, 21, 18, 17, 19, 17, 20, 19, 19, 21, 18, 20, 16, 16, 18, 20, 18, 22, 18, 18, 20, 17, 17, 20, 19, 21, 16, 20, 19, 18, 17, 18, 18, 20, 22, 19, 18, 21, 18, 17, 21, 19, 19, 19, 20, 20, 17, 19, 18, 19, 16, 21, 18, 18, 21, 18, 18, 18, 18, 18, 17, 21, 18, 21, 17, 18, 19, 19, 19, 24, 14, 18, 18, 18, 19, 22, 20, 22, 17, 18, 19, 20, 21, 18, 19, 18, 21, 16, 22, 20, 19, 17, 17, 20, 19, 20, 19, 20, 22, 18, 17, 20, 17, 18, 18, 21, 18, 21, 17, 18, 22, 22, 20, 22, 20, 16, 19, 16, 18, 21, 16, 20, 19, 22, 21, 18, 23, 17, 19, 17, 18, 17, 17, 21, 21, 23, 19, 21, 18, 17, 20, 19, 17, 20, 19, 18, 18, 20, 19, 18, 21, 18, 18, 21, 17, 21, 21, 16, 17, 20, 16, 19, 21, 19, 16, 19, 21, 19, 19, 17, 19, 17, 19, 20, 17, 14, 19, 18, 17, 20, 20, 20, 17, 16, 19, 17, 21, 18, 17, 18, 18, 22, 19, 21, 17, 20, 20, 20, 19, 18, 21, 17, 23, 17, 17, 19, 19, 20, 20, 24, 18, 17, 20, 16, 17, 21, 20, 21, 16, 18, 19, 21, 20, 22, 17, 20, 18, 20, 18, 20, 23, 18, 19, 15, 19, 18, 16, 20, 21, 17, 17, 18, 18, 18, 21, 21, 21, 21, 16, 16, 18, 17, 18, 20, 20, 19, 23, 22, 19, 18, 21, 20, 16, 18, 21, 19, 16, 18, 23, 16, 17, 18, 19, 19, 17, 19, 19, 20, 18, 18, 20, 18, 22, 21, 15, 16, 18, 19, 17, 20, 20, 17, 19, 18, 22, 21, 19, 18, 21, 19, 18, 18, 18, 20, 20, 21, 22, 18, 20, 19, 19, 19, 19, 18, 18, 19, 20, 22, 17, 18, 19, 17, 16, 17, 22, 18, 21, 21, 19, 17, 17, 20, 18, 20, 21, 18, 16, 17, 19, 20, 19, 17, 18, 21, 17, 22, 20, 19, 21, 21, 20, 16, 19, 19, 20, 22, 19, 15, 19, 20, 17, 20, 18, 18, 16, 21, 17, 21, 16, 15, 18, 18, 17, 18, 19, 18, 21, 19, 19, 20, 18, 19, 24, 17, 21, 18, 19, 18, 20, 22, 18, 17, 20, 19, 19, 18, 20, 19, 21, 17, 16, 18, 18, 17, 19, 17, 17, 19, 16, 16, 17, 18, 18, 18, 18, 22, 18, 18, 20, 19, 18, 19, 19, 18, 20, 15, 15, 19, 21, 19, 21, 18, 21, 17, 19, 17, 21, 18, 19, 20, 18, 19, 20, 19, 19, 19, 18, 18, 16, 21, 17, 17, 18, 21, 17, 20, 20, 19, 18, 17, 17, 17, 19, 19, 18, 17, 21, 18, 19, 18, 20, 18, 17, 19, 19, 20, 18, 19, 19, 19, 20, 20, 20, 20, 20, 17, 16, 19, 16, 20, 17, 20, 20, 22, 20, 19, 15, 20, 18, 18, 20, 18, 21, 18, 19, 17, 17, 19, 25, 19, 17, 19, 20, 18, 18, 17, 19, 22, 19, 16, 17, 18, 18, 19, 21, 16, 19, 17, 22, 20, 19, 19, 20, 16, 16, 18, 18, 19, 19, 18, 16, 18, 18, 17, 18, 18, 20, 20, 17, 18, 19, 19, 18, 21, 18, 21, 19, 18, 19, 19, 20, 21, 20, 20, 17, 20, 21, 20, 19, 19, 21, 19, 17, 18, 21, 20, 19, 19, 20, 19, 20, 19, 18, 17, 23, 20, 19, 18, 15, 16, 16, 16, 21, 20, 19, 17, 15, 18, 19, 19, 21, 17, 18, 18, 17, 19, 20, 17, 22, 18, 22, 22, 19, 19, 19, 22, 19, 18, 17, 16, 19, 21, 19, 17, 17, 19, 21, 19, 19, 19, 20, 19, 17, 21, 19, 17, 19, 19, 22, 16, 18, 18, 16, 17, 21, 18, 19, 21, 17, 19, 21, 22, 21, 20, 19, 16, 21, 18, 18, 17, 20, 20, 23, 18, 22, 17, 18, 20, 14, 19, 18, 18, 16, 20, 19, 19, 19, 16, 20, 23, 17, 20, 22, 18, 23, 19, 19, 18, 24, 19, 15, 18, 17, 19, 19, 18, 16, 20, 21, 18, 19, 18, 19, 18, 21, 18, 19, 19, 17, 20, 20, 19, 20, 18, 21, 18, 22, 19, 21, 18, 19, 18, 18, 20, 19, 17, 20, 23, 16, 18, 19, 19, 18, 16, 19, 17, 17, 21, 19, 22, 22, 18, 18, 21, 16, 20, 22, 19, 18, 17, 19, 20, 18, 18, 16, 22, 20, 18, 18, 20, 20, 19, 18, 18, 19, 18, 21, 22, 20, 18, 21, 20, 18, 19, 18, 18, 19, 21, 18, 23, 18, 16, 18, 17, 16, 18, 21, 16, 22, 19, 19, 18, 22, 18, 17, 19, 20, 22, 14, 19, 19, 16, 18, 22, 19, 18, 18, 18, 19, 18, 17, 19, 20, 19, 20, 22, 18, 19, 20, 20, 20, 19, 19, 22, 19, 20, 20, 22, 17, 18, 20, 16, 19, 19, 20, 20, 19, 16, 18, 17, 18, 18, 14, 17, 22, 21, 16, 21, 15, 22, 18, 17, 21, 19, 16, 18, 18, 18, 17, 21, 17, 20, 22, 18, 18, 20, 24, 17, 17, 20, 19, 19, 21, 18, 19, 17, 18, 20, 18, 24, 18, 19, 22, 19, 18, 16, 16, 19, 19, 17, 18, 22, 19, 21, 20, 17, 19, 18, 17, 20, 19, 18, 21, 21, 21, 19, 19, 18, 17, 22, 19, 16, 18, 18, 20, 17, 20, 19, 17, 17, 18, 21, 19, 20, 19, 18, 19, 19, 17, 15, 18, 17, 20, 20, 18, 18, 21, 21, 21, 18, 19, 20, 17, 19, 19, 20, 20, 17, 20, 20, 16, 20, 18, 16, 19, 17, 16, 20, 17, 17, 17, 18, 20, 18, 18, 24, 19, 16, 20, 17, 20, 18, 22, 19, 21, 18, 19, 18, 18, 20, 21, 20, 17, 18, 17, 20, 19, 18, 18, 16, 16, 21, 18, 21, 19, 19, 18, 19, 22, 19, 17, 18, 18, 19, 17, 17, 21, 17, 17, 18, 18, 17, 18, 20, 18, 20, 15, 19, 17, 20, 16, 18, 20, 21, 20, 17, 19, 17, 20, 19, 20, 21, 18, 17, 19, 19, 19, 19, 18, 22, 21, 17, 17, 21, 18, 22, 18, 17, 21, 20, 22, 16, 19, 18, 18, 23, 19, 21, 17, 19, 21, 20, 20, 18, 17, 15, 18, 21, 17, 15, 15, 19, 20, 19, 20, 19, 20, 18, 18, 19, 20, 20, 22, 20, 20, 18, 20, 17, 17, 19, 16, 20, 22, 19, 16, 19, 18, 22, 19, 23, 21, 17, 19, 20, 20, 19, 18, 18, 20, 20, 21, 17, 18, 19, 19, 20, 19, 19, 17, 17, 19, 17, 21, 14, 20, 17, 22, 19, 18, 21, 18, 18, 16, 17, 20, 17, 20, 20, 21, 20, 17, 20, 18, 17, 17, 21, 19, 20, 21, 20, 18, 17, 17, 19, 19, 19, 19, 17, 18, 16, 20, 18, 17, 17, 18, 20, 17, 19, 20, 19, 19, 20, 18, 18, 19, 18, 20, 19, 21, 18, 21, 16, 20, 20, 18, 18, 19, 18, 17, 17, 19, 21, 23, 19, 19, 19, 16, 20, 22, 18, 18, 15, 20, 18, 20, 18, 17, 20, 20, 19, 19, 19, 21, 19, 18, 21, 19, 18, 18, 20, 20, 20, 18, 23, 20, 19, 21, 19, 16, 17, 21, 20, 18, 18, 19, 19, 18, 18, 18, 19, 18, 21, 18, 18, 18, 20, 19, 18, 19, 17, 21, 23, 19, 18, 20, 20, 19, 20, 18, 19, 20, 17, 17, 18, 17, 16, 17, 21, 18, 23, 19, 18, 18, 18, 18, 17, 21, 23, 18, 22, 18, 18, 16, 15, 19, 20, 19, 19, 19, 15, 19, 20, 19, 17, 20, 20, 16, 18, 19, 18, 18, 15, 17, 19, 20, 16, 20, 18, 18, 21, 19, 17, 22, 20, 22, 19, 17, 17, 16, 17, 16, 20, 17, 18, 22, 17, 17, 17, 18, 20, 25, 19, 20, 16, 22, 18, 18, 20, 17, 15, 18, 20, 21, 20, 17, 19, 20, 20, 20, 20, 18, 16, 20, 20, 22, 19, 17, 21, 22, 16, 20, 20, 22, 17, 17, 18, 18, 18, 17, 18, 18, 19, 20, 19, 19, 19, 17, 21, 23, 18, 21, 19, 17, 18, 18, 19, 20, 20, 19, 22, 18, 18, 21, 19, 16, 18, 19, 18, 19, 20, 18, 16, 19, 18, 19, 18, 22, 18, 18, 19, 17, 19, 23, 17, 17, 21, 18, 20, 16, 20, 19, 19, 19, 20, 21, 20, 18, 21, 19, 21, 16, 21, 19, 16, 19, 20, 18, 22, 20, 19, 18, 20, 20, 18, 19, 16, 19, 18, 16, 21, 20, 18, 16, 16, 20, 18, 22, 20, 14, 21, 17, 19, 22, 17, 20, 15, 19, 19, 19, 21, 19, 21, 16, 20, 20, 17, 18, 20, 19, 22, 22, 20, 19, 19, 16, 20, 18, 21, 18, 19, 19, 19, 18, 18, 21, 19, 17, 19, 21, 19, 22, 21, 19, 20, 19, 20, 15, 18, 21, 19, 17, 20, 20, 18, 21, 18, 20, 22, 19, 19, 16, 19, 20, 18, 21, 21, 19, 18, 17, 19, 20, 20, 23, 19, 18, 18, 21, 18, 18, 22, 17, 18, 19, 19, 20, 21, 19, 19, 19, 19, 17, 17, 18, 21, 19, 18, 20, 19, 15, 23, 17, 19, 17, 18, 21, 20, 19, 18, 20, 19, 20, 17, 20, 19, 17, 20, 21, 19, 20, 19, 20, 22, 21, 20, 19, 16, 18, 16, 16, 20, 18, 21, 18, 16, 19, 16, 17, 19, 19, 17, 19, 15, 21, 21, 20, 17, 20, 20, 20, 18, 15, 20, 21, 18, 20, 17, 19, 18, 19, 19, 18, 20, 17, 17, 18, 18, 20, 23, 19, 22, 16, 20, 21, 17, 19, 20, 18, 17, 20, 20, 17, 19, 21, 20, 19, 19, 20, 18, 21, 19, 17, 23, 19, 21, 24, 17, 19, 20, 25, 17, 17, 16, 18, 17, 19, 16, 19, 20, 20, 15, 17, 18, 20, 19, 23, 18, 17, 17, 22, 17, 18, 21, 19, 19, 15, 20, 20, 19, 21, 20, 19, 19, 21, 21, 16, 17, 20, 17, 18, 18, 20, 21, 21, 20, 18, 24, 20, 18, 19, 14, 17, 18, 20, 22, 17, 18, 18, 19, 19, 22, 15, 19, 19, 21, 20, 22, 15, 19, 16, 17, 18, 19, 20, 20, 20, 19, 18, 21, 20, 19, 19, 19, 20, 20, 16, 21, 19, 19, 22, 18, 19, 15, 19, 19, 16, 17, 20, 19, 20, 18, 17, 18, 20, 22, 18, 21, 21, 20, 20, 20, 22, 18, 20, 22, 19, 20, 20, 20, 17, 20, 21, 18, 19, 19, 15, 19, 20, 21, 21, 20, 19, 19, 17, 17, 18, 21, 21, 20, 19, 21, 18, 23, 21, 16, 19, 22, 20, 18, 18, 22, 18, 19, 17, 19, 17, 17, 18, 18, 20, 18, 19, 15, 21, 21, 20, 21, 20, 19, 18, 20, 22, 21, 17, 19, 21, 20, 19, 22, 22, 19, 18, 22, 20, 17, 22, 18, 20, 20, 17, 19, 16, 21, 19, 19, 17, 18, 20, 24, 20, 20, 18, 23, 22, 20, 20, 20, 18, 19, 18, 17, 21, 20, 20, 19, 19, 19, 20, 19, 18, 16, 18, 20, 17, 21, 19, 21, 19, 18, 20, 19, 18, 20, 19, 19, 21, 18, 20, 20, 17, 20, 16, 21, 21, 19, 21, 20, 19, 20, 17, 19, 17, 17, 20, 21, 17, 17, 18, 20, 18, 19, 17, 16, 18, 18, 18, 21, 19, 19, 17, 16, 22, 19, 19, 21, 17, 18, 18, 17, 17, 18, 16, 15, 22, 20, 20, 20, 18, 20, 20, 20, 17, 19, 18, 18, 20, 18, 18, 19, 19, 17, 19, 21, 20, 22, 20, 19, 22, 19, 19, 20, 20, 15, 20, 17, 18, 23, 18, 20, 17, 18, 22, 19, 19, 20, 14, 19, 18, 17, 21, 14, 22, 18, 19, 18, 19, 20, 17, 17, 21, 18, 20, 19, 20, 19, 21, 17, 21, 18, 17, 19, 21, 19, 19, 17, 16, 18, 18, 21, 17, 18, 21, 21, 18, 21, 20, 19, 18, 17, 19, 23, 20, 20, 18, 20, 16, 20, 19, 16, 21, 21, 18, 18, 20, 18, 16, 18, 18, 19, 18, 19, 20, 18, 20, 20, 18, 17, 18, 19, 20, 18, 19, 19, 18, 19, 18, 22, 15, 18, 18, 22, 17, 18, 20, 18, 19, 21, 17, 18, 16, 16, 17, 20, 19, 19, 15, 19, 20, 21, 17, 18, 18, 22, 20, 19, 20, 22, 21, 19, 21, 19, 20, 20, 21, 21, 19, 18, 19, 19, 19, 23, 20, 17, 20, 18, 17, 17, 16, 19, 17, 19, 22, 19, 19, 16, 19, 17, 18, 18, 22, 19, 24, 21, 15, 19, 20, 20, 22, 19, 15, 17, 20, 19, 20, 20, 17, 19, 19, 21, 22, 20, 19, 18, 18, 20, 20, 22, 17, 22, 22, 21, 17, 21, 16, 22, 20, 20, 20, 21, 18, 19, 19, 21, 19, 19, 18, 17, 19, 20, 20, 19, 17, 17, 20, 20, 20, 20, 19, 17, 17, 17, 18, 15, 23, 17, 20, 18, 17, 19, 20, 17, 21, 19, 20, 20, 18, 17, 18, 20, 18, 18, 18, 17, 17, 20, 19, 18, 20, 20, 15, 17, 19, 20, 19, 19, 20, 17, 19, 17, 19, 19, 19, 19, 20, 20, 21, 18, 17, 16, 20, 22, 19, 19, 21, 18, 18, 19, 18, 18, 18, 21, 21, 20, 20, 19, 15, 19, 20, 20, 18, 20, 17, 18, 20, 16, 18, 22, 20, 19, 20, 20, 19, 21, 22, 19, 18, 18, 19, 21, 21, 18, 22, 19, 15, 19, 19, 18, 20, 19, 20, 18, 21, 18, 18, 19, 18, 17, 18, 18, 15, 18, 21, 20, 18, 17, 18, 21, 21, 17, 15, 18, 20, 19, 17, 17, 18, 18, 21, 18, 18, 20, 22, 16, 20, 20, 20, 19, 21, 19, 21, 18, 19, 20, 18, 19, 16, 16, 19, 21, 18, 21, 19, 21, 19, 17, 17, 18, 17, 17, 17, 17, 17, 23, 18, 18, 20, 20, 20, 21, 21, 19, 19, 18, 22, 18, 18, 17, 21, 15, 17, 18, 17, 21, 21, 21, 20, 23, 21, 17, 20, 17, 20, 17, 17, 21, 20, 21, 19, 18, 16, 19, 17, 19, 19, 22, 18, 18, 17, 18, 20, 19, 21, 20, 17, 19, 18, 16, 21, 15, 21, 19, 17, 20, 20, 17, 19, 18, 19, 22, 19, 20, 19, 20, 17, 22, 18, 20, 17, 18, 17, 16, 21, 19, 23, 19, 19, 22, 18, 18, 15, 20, 21, 19, 16, 19, 21, 22, 19, 21, 21, 17, 21, 19, 17, 16, 21, 17, 19, 20, 21, 20, 19, 22, 17, 18, 19, 22, 19, 21, 16, 17, 18, 19, 19, 19, 19, 20, 20, 19, 21, 20, 18, 20, 18, 18, 18, 22, 17, 17, 18, 20, 20, 20, 20, 20, 17, 20, 19, 22, 21, 19, 16, 18, 20, 18, 19, 20, 15, 19, 19, 20, 17, 19, 20, 19, 16, 17, 22, 17, 17, 19, 23, 18, 19, 18, 18, 16, 19, 20, 19, 19, 20, 19, 20, 19, 17, 18, 19, 20, 16, 18, 20, 17, 19, 19, 20, 17, 18, 17, 16, 20, 17, 20, 20, 22, 20, 19, 17, 18, 20, 19, 18, 19, 22, 19, 20, 18, 19, 21, 18, 18, 20, 21, 15, 19, 21, 19, 17, 17, 18, 21, 22, 18, 18, 16, 18, 19, 19, 20, 21, 17, 20, 21, 16, 20, 20, 21, 19, 22, 20, 20, 18, 19, 19, 20, 17, 18, 17, 20, 18, 17, 17, 18, 20, 24, 20, 20, 20, 22, 20, 19, 19, 19, 20, 18, 17, 18, 19, 18, 22, 17, 16, 20, 19, 18, 20, 18, 19, 19, 21, 19, 24, 17, 18, 19, 17, 16, 21, 17, 22, 22, 21, 16, 20, 20, 21, 15, 19, 19, 22, 23, 20, 18, 18, 17, 20, 20, 18, 20, 17, 17, 20, 19, 17, 17, 22, 17, 21, 17, 21, 22, 24, 19, 18, 15, 19, 20, 20, 20, 19, 17, 18, 17, 19, 17, 19, 17, 18, 19, 19, 19, 21, 22, 18, 21, 20, 18, 19, 20, 15, 19, 16, 20, 21, 19, 16, 18, 23, 19, 17, 19, 20, 19, 20, 18, 19, 25, 21, 19, 19, 19, 18, 20, 22, 19, 20, 19, 18, 21, 19, 25, 20, 18, 21, 18, 20, 16, 19, 21, 20, 17, 18, 19, 22, 20, 19, 21, 17, 19, 21, 19, 19, 20, 20, 18, 18, 17, 17, 20, 21, 19, 21, 19, 16, 18, 19, 20, 18, 19, 19, 19, 19, 19, 17, 19, 20, 19, 20, 19, 21, 21, 19, 19, 17, 20, 21, 20, 19, 17, 17, 16, 20, 20, 16, 20, 21, 20, 23, 18, 18, 22, 18, 19, 19, 19, 20, 20, 19, 19, 21, 18, 18, 21, 14, 20, 17, 16, 17, 16, 19, 17, 20, 18, 18, 18, 20, 21, 19, 19, 18, 19, 16, 21, 16, 16, 17, 16, 18, 20, 21, 18, 14, 19, 22, 17, 21, 20, 17, 18, 18, 22, 20, 24, 19, 19, 17, 15, 16, 18, 19, 18, 19, 18, 19, 20, 19, 23, 20, 19, 19, 19, 18, 17, 20, 19, 21, 20, 17, 21, 18, 20, 24, 18, 21, 17, 19, 17, 20, 20, 20, 19, 18, 20, 17, 18, 21, 21, 17, 19, 19, 20, 22, 20, 19, 19, 20, 18, 19, 18, 18, 22, 20, 18, 20, 19, 19, 18, 20, 17, 20, 18, 18, 19, 20, 20, 20, 21, 19, 16, 21, 16, 20, 18, 21, 18, 22, 19, 20, 18, 20, 18, 19, 19, 21, 19, 16, 16, 18, 21, 19, 17, 17, 18, 17, 18, 19, 20, 21, 19, 20, 21, 19, 20, 16, 18, 18, 19, 19, 21, 21, 17, 21, 19, 19, 19, 20, 20, 17, 19, 18, 20, 17, 20, 20, 20, 18, 20, 21, 19, 17, 21, 17, 19, 19, 17, 19, 21, 17, 20, 19, 20, 18, 21, 21, 20, 19, 18, 18, 17, 20, 21, 19, 19, 18, 19, 19, 18, 18, 21, 21, 20, 20, 21, 18, 19, 20, 20, 18, 19, 19, 19, 19, 19, 16, 20, 20, 20, 18, 18, 21, 16, 21, 18, 20, 19, 19, 20, 21, 17, 17, 21, 18, 20, 24, 19, 21, 19, 17, 19, 19, 20, 18, 20, 20, 19, 21, 22, 21, 20, 22, 19, 16, 18, 17, 18, 19, 19, 19, 20, 16, 18, 19, 19, 15, 17, 17, 19, 18, 19, 18, 18, 22, 19, 19, 18, 18, 16, 20, 18, 22, 19, 23, 19, 17, 18, 20, 20, 18, 19, 17, 18, 22, 18, 19, 19, 20, 22, 17, 21, 17, 17, 17, 19, 16, 19, 19, 21, 24, 17, 18, 17, 18, 21, 22, 20, 18, 21, 21, 20, 18, 17, 21, 18, 19, 22, 20, 20, 18, 19, 19, 19, 21, 18, 17, 20, 18, 17, 19, 19, 20, 17, 18, 20, 17, 17, 20, 18, 18, 17, 20, 19, 18, 20, 20, 21, 20, 17, 19, 21, 18, 20, 18, 18, 17, 16, 16, 17, 20, 19, 20, 18, 18, 20, 19, 19, 18, 19, 22, 17, 21, 16, 18, 21, 18, 22, 20, 19, 20, 17, 21, 20, 18, 18, 22, 23, 19, 18, 17, 20, 15, 19, 22, 20, 21, 19, 20, 20, 19, 19, 20, 18, 21, 21, 19, 18, 15, 20, 20, 20, 16, 20, 19, 17, 16, 17, 19, 20, 18, 16, 21, 19, 18, 20, 19, 19, 18, 17, 19, 18, 20, 20, 20, 19, 22, 21, 20, 18, 18, 19, 21, 18, 17, 18, 18, 20, 17, 21, 19, 16, 22, 20, 19, 20, 21, 18, 19, 18, 17, 18, 16, 17, 17, 20, 16, 18, 19, 21, 19, 15, 19, 19, 19, 18, 21, 21, 17, 22, 20, 20, 20, 23, 22, 19, 22, 19, 18, 22, 20, 19, 20, 21, 19, 23, 17, 18, 20, 19, 20, 18, 18, 23, 20, 18, 19, 20, 18, 16, 18, 19, 19, 20, 15, 18, 19, 21, 20, 18, 16, 20, 18, 19, 18, 19, 18, 18, 21, 17, 15, 19, 22, 22, 18, 18, 20, 19, 20, 20, 21, 18, 18, 20, 20, 20, 20, 19, 18, 18, 20, 17, 18, 18, 18, 19, 18, 20, 19, 18, 19, 21, 20, 21, 18, 18, 20, 20, 20, 20, 16, 17, 18, 19, 22, 18, 19, 18, 21, 20, 18, 21, 22, 19, 22, 21, 17, 17, 16, 17, 19, 20, 23, 20, 19, 17, 19, 22, 20, 20, 17, 16, 21, 19, 18, 17, 18, 17, 20, 20, 19, 23, 18, 16, 16, 20, 17, 19, 20, 19, 19, 19, 18, 18, 19, 18, 21, 18]
Longest shortest Path Average: 18.531204188481677
Longest Shortest Path Variance: 2.8739477645897864
Clustering Coefficients: [0, 0, 0, 0, 0, 0, 0, 0, 0, 0, 0, 0, 0, 0, 0, 0, 0, 0, 0, 0, 0, 0, 0, 0, 0, 0, 0, 0, 0, 0, 0, 0, 0, 0, 0, 0, 0, 0, 0, 0, 0, 0, 0, 0, 0, 0, 0, 0, 0, 0, 0, 0, 0, 0, 0, 0, 0, 0, 0, 0, 0, 0, 0, 0, 0, 0, 0, 0, 0, 0, 0, 0, 0, 0, 0, 0, 0, 0, 0, 0, 0, 0, 0, 0, 0, 0, 0, 0, 0, 0, 0, 0, 0, 0, 0, 0, 0, 0, 0, 0, 0, 0, 0, 0, 0, 0, 0, 0, 0, 0, 0, 0, 0, 0, 0, 0, 0, 0, 0, 0, 0, 0, 0, 0, 0, 0, 0, 0, 0, 0, 0, 0, 0, 0, 0, 0, 0, 0, 0, 0, 0, 0, 0, 0, 0, 0, 0, 0, 0, 0, 0, 0, 0, 0, 0, 0, 0, 0, 0, 0, 0, 0, 0, 0, 0, 0, 0, 0, 0, 0, 0, 0, 0, 0, 0, 0, 0, 0, 0, 0, 0, 0, 0, 0, 0, 0, 0, 0, 0, 0, 0, 0, 0, 0, 0, 0, 0, 0, 0, 0, 0, 0, 0, 0, 0, 0, 0, 0, 0, 0, 0, 0, 0, 0, 0, 0, 0, 0, 0, 0, 0, 0, 0, 0, 0, 0, 0, 0, 0, 0, 0, 0, 0, 0, 0, 0, 0, 0, 0, 0, 0, 0, 0, 0, 0, 0, 0, 0, 0, 0, 0, 0, 0, 0, 0, 0, 0, 0, 0, 0, 0, 0, 0, 0, 0, 0, 0, 0, 0, 0, 0, 0, 0, 0, 0, 0, 0, 0, 0, 0, 0, 0, 0, 0, 0, 0, 0, 0, 0, 0, 0, 0, 0, 0, 0, 0, 0, 0, 0, 0, 0, 0, 0, 0, 0, 0, 0, 0, 0, 0, 0, 0, 0, 0, 0, 0, 0, 0, 0, 0, 0, 0, 0, 0, 0, 0, 0, 0, 0, 0, 0, 0, 0, 0, 0, 0, 0, 0, 0, 0, 0, 0, 0, 0, 0, 0, 0, 0, 0, 0, 0, 0, 0, 0, 0, 0, 0, 0, 0, 0, 0, 0, 0, 0, 0, 0, 0, 0, 0, 0, 0, 0, 0, 0, 0, 0, 0, 0, 0, 0, 0, 0, 0, 0, 0, 0, 0, 0, 0, 0, 0, 0, 0, 0, 0, 0, 0, 0, 0, 0, 0, 0, 0, 0, 0, 0, 0, 0, 0, 0, 0, 0, 0, 0, 0, 0, 0, 0, 0, 0, 0, 0, 0, 0, 0, 0, 0, 0, 0, 0, 0, 0, 0, 0, 0, 0, 0, 0, 0, 0, 0, 0, 0, 0, 0, 0, 0, 0, 0, 0, 0, 0, 0, 0, 0, 0, 0, 0, 0, 0, 0, 0, 0, 0, 0, 0, 0, 0, 0, 0, 0, 0, 0, 0, 0, 0, 0, 0, 0, 0, 0, 0, 0, 0, 0, 0, 0, 0, 0, 0, 0, 0, 0, 0, 0, 0, 0, 0, 0, 0, 0, 0, 0, 0, 0, 0, 0, 0, 0, 0, 0, 0, 0, 0, 0, 0, 0, 0, 0, 0, 0, 0, 0, 0, 0, 0, 0, 0, 0, 0, 0, 0, 0, 0, 0, 0, 0, 0, 0, 0, 0, 0, 0, 0, 0, 0, 0, 0, 0, 0, 0, 0, 0, 0, 0, 0, 0, 0, 0, 0, 0, 0, 0, 0, 0, 0, 0, 0, 0, 0, 0, 0, 0, 0, 0, 0, 0, 0, 0, 0, 0, 0, 0, 0, 0, 0, 0, 0, 0, 0, 0, 0, 0, 0, 0, 0, 0, 0, 0, 0, 0, 0, 0, 0, 0, 0, 0, 0, 0, 0, 0, 0, 0, 0, 0, 0, 0, 0, 0, 0, 0, 0, 0, 0, 0, 0, 0, 0, 0, 0, 0, 0, 0, 0, 0, 0, 0, 0, 0, 0, 0, 0, 0, 0, 0, 0, 0, 0, 0, 0, 0, 0, 0, 0, 0, 0, 0, 0, 0, 0, 0, 0, 0, 0, 0, 0, 0, 0, 0, 0, 0, 0, 0, 0, 0, 0, 0, 0, 0, 0, 0, 0, 0, 0, 0, 0, 0, 0, 0, 0, 0, 0, 0, 0, 0, 0, 0, 0, 0, 0, 0, 0, 0, 0, 0, 0, 0, 0, 0, 0, 0, 0, 0, 0, 0, 0, 0, 0, 0, 0, 0, 0, 0, 0, 0, 0, 0, 0, 0, 0, 0, 0, 0, 0, 0, 0, 0, 0, 0, 0, 0, 0, 0, 0, 0, 0, 0, 0, 0, 0, 0, 0, 0, 0, 0, 0, 0, 0, 0, 0, 0, 0, 0, 0, 0, 0, 0, 0, 0, 0, 0, 0, 0, 0, 0, 0, 0, 0, 0, 0, 0, 0, 0, 0, 0, 0, 0, 0, 0, 0, 0, 0, 0, 0, 0, 0, 0, 0, 0, 0, 0, 0, 0, 0, 0, 0, 0, 0, 0, 0, 0, 0, 0, 0, 0, 0, 0, 0, 0, 0, 0, 0, 0, 0, 0, 0, 0, 0, 0, 0, 0, 0, 0, 0, 0, 0, 0, 0, 0, 0, 0, 0, 0, 0, 0, 0, 0, 0, 0, 0, 0, 0, 0, 0, 0, 0, 0, 0, 0, 0, 0, 0, 0, 0, 0, 0, 0, 0, 0, 0, 0, 0, 0, 0, 0, 0, 0, 0, 0, 0, 0, 0, 0, 0, 0, 0, 0, 0, 0, 0, 0, 0, 0, 0, 0, 0, 0, 0, 0, 0, 0, 0, 0, 0, 0, 0, 0, 0, 0, 0, 0, 0, 0, 0, 0, 0, 0, 0, 0, 0, 0, 0, 0, 0, 0, 0, 0, 0, 0, 0, 0, 0, 0, 0, 0, 0, 0, 0, 0, 0, 0, 0, 0, 0, 0, 0, 0, 0, 0, 0, 0, 0, 0, 0, 0, 0, 0, 0, 0, 0, 0, 0, 0, 0, 0, 0, 0, 0, 0, 0, 0, 0, 0, 0, 0, 0, 0, 0, 0, 0, 0, 0, 0, 0, 0, 0, 0, 0, 0, 0, 0, 0, 0, 0, 0, 0, 0, 0, 0, 0, 0, 0, 0, 0, 0, 0, 0, 0, 0, 0, 0, 0, 0, 0, 0, 0, 0, 0, 0, 0, 0, 0, 0, 0, 0, 0, 0, 0, 0, 0, 0, 0, 0, 0, 0, 0, 0, 0, 0, 0, 0, 0, 0, 0, 0, 0, 0, 0, 0, 0, 0, 0, 0, 0, 0, 0, 0, 0, 0, 0, 0, 0, 0, 0, 0, 0, 0, 0, 0, 0, 0, 0, 0, 0, 0, 0, 0, 0, 0, 0, 0, 0, 0, 0, 0, 0, 0, 0, 0, 0, 0, 0, 0, 0, 0, 0, 0, 0, 0, 0, 0, 0, 0, 0, 0, 0, 0, 0, 0, 0, 0, 0, 0, 0, 0, 0, 0, 0, 0, 0, 0, 0, 0, 0, 0, 0, 0, 0, 0, 0, 0, 0, 0, 0, 0, 0, 0, 0, 0, 0, 0, 0, 0, 0, 0, 0, 0, 0, 0, 0, 0, 0, 0, 0, 0, 0, 0, 0, 0, 0, 0, 0, 0, 0, 0, 0, 0, 0, 0, 0, 0, 0, 0, 0, 0, 0, 0, 0, 0, 0, 0, 0, 0, 0, 0, 0, 0, 0, 0, 0, 0, 0, 0, 0, 0, 0, 0, 0, 0, 0, 0, 0, 0, 0, 0, 0, 0, 0, 0, 0, 0, 0, 0, 0, 0, 0, 0, 0, 0, 0, 0, 0, 0, 0, 0, 0, 0, 0, 0, 0, 0, 0, 0, 0, 0, 0, 0, 0, 0, 0, 0, 0, 0, 0, 0, 0, 0, 0, 0, 0, 0, 0, 0, 0, 0, 0, 0, 0, 0, 0, 0, 0, 0, 0, 0, 0, 0, 0, 0, 0, 0, 0, 0, 0, 0, 0, 0, 0, 0, 0, 0, 0, 0, 0, 0, 0, 0, 0, 0, 0, 0, 0, 0, 0, 0, 0, 0, 0, 0, 0, 0, 0, 0, 0, 0, 0, 0, 0, 0, 0, 0, 0, 0, 0, 0, 0, 0, 0, 0, 0, 0, 0, 0, 0, 0, 0, 0, 0, 0, 0, 0, 0, 0, 0, 0, 0, 0, 0, 0, 0, 0, 0, 0, 0, 0, 0, 0, 0, 0, 0, 0, 0, 0, 0, 0, 0, 0, 0, 0, 0, 0, 0, 0, 0, 0, 0, 0, 0, 0, 0, 0, 0, 0, 0, 0, 0, 0, 0, 0, 0, 0, 0, 0, 0, 0, 0, 0, 0, 0, 0, 0, 0, 0, 0, 0, 0, 0, 0, 0, 0, 0, 0, 0, 0, 0, 0, 0, 0, 0, 0, 0, 0, 0, 0, 0, 0, 0, 0, 0, 0, 0, 0, 0, 0, 0, 0, 0, 0, 0, 0, 0, 0, 0, 0, 0, 0, 0, 0, 0, 0, 0, 0, 0, 0, 0, 0, 0, 0, 0, 0, 0, 0, 0, 0, 0, 0, 0, 0, 0, 0, 0, 0, 0, 0, 0, 0, 0, 0, 0, 0, 0, 0, 0, 0, 0, 0, 0, 0, 0, 0, 0, 0, 0, 0, 0, 0, 0, 0, 0, 0, 0, 0, 0, 0, 0, 0, 0, 0, 0, 0, 0, 0, 0, 0, 0, 0, 0, 0, 0, 0, 0, 0, 0, 0, 0, 0, 0, 0, 0, 0, 0, 0, 0, 0, 0, 0, 0, 0, 0, 0, 0, 0, 0, 0, 0, 0, 0, 0, 0, 0, 0, 0, 0, 0, 0, 0, 0, 0, 0, 0, 0, 0, 0, 0, 0, 0, 0, 0, 0, 0, 0, 0, 0, 0, 0, 0, 0, 0, 0, 0, 0, 0, 0, 0, 0, 0, 0, 0, 0, 0, 0, 0, 0, 0, 0, 0, 0, 0, 0, 0, 0, 0, 0, 0, 0, 0, 0, 0, 0, 0, 0, 0, 0, 0, 0, 0, 0, 0, 0, 0, 0, 0, 0, 0, 0, 0, 0, 0, 0, 0, 0, 0, 0, 0, 0, 0, 0, 0, 0, 0, 0, 0, 0, 0, 0, 0, 0, 0, 0, 0, 0, 0, 0, 0, 0, 0, 0, 0, 0, 0, 0, 0, 0, 0, 0, 0, 0, 0, 0, 0, 0, 0, 0, 0, 0, 0, 0, 0, 0, 0, 0, 0, 0, 0, 0, 0, 0, 0, 0, 0, 0, 0, 0, 0, 0, 0, 0, 0, 0, 0, 0, 0, 0, 0, 0, 0, 0, 0, 0, 0, 0, 0, 0, 0, 0, 0, 0, 0, 0, 0, 0, 0, 0, 0, 0, 0, 0, 0, 0, 0, 0, 0, 0, 0, 0, 0, 0, 0, 0, 0, 0, 0, 0, 0, 0, 0, 0, 0, 0, 0, 0, 0, 0, 0, 0, 0, 0, 0, 0, 0, 0, 0, 0, 0, 0, 0, 0, 0, 0, 0, 0, 0, 0, 0, 0, 0, 0, 0, 0, 0, 0, 0, 0, 0, 0, 0, 0, 0, 0, 0, 0, 0, 0, 0, 0, 0, 0, 0, 0, 0, 0, 0, 0, 0, 0, 0, 0, 0, 0, 0, 0, 0, 0, 0, 0, 0, 0, 0, 0, 0, 0, 0, 0, 0, 0, 0, 0, 0, 0, 0, 0, 0, 0, 0, 0, 0, 0, 0, 0, 0, 0, 0, 0, 0, 0, 0, 0, 0, 0, 0, 0, 0, 0, 0, 0, 0, 0, 0, 0, 0, 0, 0, 0, 0, 0, 0, 0, 0, 0, 0, 0, 0, 0, 0, 0, 0, 0, 0, 0, 0, 0, 0, 0, 0, 0, 0, 0, 0, 0, 0, 0, 0, 0, 0, 0, 0, 0, 0, 0, 0, 0, 0, 0, 0, 0, 0, 0, 0, 0, 0, 0, 0, 0, 0, 0, 0, 0, 0, 0, 0, 0, 0, 0, 0, 0, 0, 0, 0, 0, 0, 0, 0, 0, 0, 0, 0, 0, 0, 0, 0, 0, 0, 0, 0, 0, 0, 0, 0, 0, 0, 0, 0, 0, 0, 0, 0, 0, 0, 0, 0, 0, 0, 0, 0, 0, 0, 0, 0, 0, 0, 0, 0, 0, 0, 0, 0, 0, 0, 0, 0, 0, 0, 0, 0, 0, 0, 0, 0, 0, 0, 0, 0, 0, 0, 0, 0, 0, 0, 0, 0, 0, 0, 0, 0, 0, 0, 0, 0, 0, 0, 0, 0, 0, 0, 0, 0, 0, 0, 0, 0, 0, 0, 0, 0, 0, 0, 0, 0, 0, 0, 0, 0, 0, 0, 0, 0, 0, 0, 0, 0, 0, 0, 0, 0, 0, 0, 0, 0, 0, 0, 0, 0, 0, 0, 0, 0, 0, 0, 0, 0, 0, 0, 0, 0, 0, 0, 0, 0, 0, 0, 0, 0, 0, 0, 0, 0, 0, 0, 0, 0, 0, 0, 0, 0, 0, 0, 0, 0, 0, 0, 0, 0, 0, 0, 0, 0, 0, 0, 0, 0, 0, 0, 0, 0, 0, 0, 0, 0, 0, 0, 0, 0, 0, 0, 0, 0, 0, 0, 0, 0, 0, 0, 0, 0, 0, 0, 0, 0, 0, 0, 0, 0, 0, 0, 0, 0, 0, 0, 0, 0, 0, 0, 0, 0, 0, 0, 0, 0, 0, 0, 0, 0, 0, 0, 0, 0, 0, 0, 0, 0, 0, 0, 0, 0, 0, 0, 0, 0, 0, 0, 0, 0, 0, 0, 0, 0, 0, 0, 0, 0, 0, 0, 0, 0, 0, 0, 0, 0, 0, 0, 0, 0, 0, 0, 0, 0, 0, 0, 0, 0, 0, 0, 0, 0, 0, 0, 0, 0, 0, 0, 0, 0, 0, 0, 0, 0, 0, 0, 0, 0, 0, 0, 0, 0, 0, 0, 0, 0, 0, 0, 0, 0, 0, 0, 0, 0, 0, 0, 0, 0, 0, 0, 0, 0, 0, 0, 0, 0, 0, 0, 0, 0, 0, 0, 0, 0, 0, 0, 0, 0, 0, 0, 0, 0, 0, 0, 0, 0, 0, 0, 0, 0, 0, 0, 0, 0, 0, 0, 0, 0, 0, 0, 0, 0, 0, 0, 0, 0, 0, 0, 0, 0, 0, 0, 0, 0, 0, 0, 0, 0, 0, 0, 0, 0, 0, 0, 0, 0, 0, 0, 0, 0, 0, 0, 0, 0, 0, 0, 0, 0, 0, 0, 0, 0, 0, 0, 0, 0, 0, 0, 0, 0, 0, 0, 0, 0, 0, 0, 0, 0, 0, 0, 0, 0, 0, 0, 0, 0, 0, 0, 0, 0, 0, 0, 0, 0, 0, 0, 0, 0, 0, 0, 0, 0, 0, 0, 0, 0, 0, 0, 0, 0, 0, 0, 0, 0, 0, 0, 0, 0, 0, 0, 0, 0, 0, 0, 0, 0, 0, 0, 0, 0, 0, 0, 0, 0, 0, 0, 0, 0, 0, 0, 0, 0, 0, 0, 0, 0, 0, 0, 0, 0, 0, 0, 0, 0, 0, 0, 0, 0, 0, 0, 0, 0, 0, 0, 0, 0, 0, 0, 0, 0, 0, 0, 0, 0, 0, 0, 0, 0, 0, 0, 0, 0, 0, 0, 0, 0, 0, 0, 0, 0, 0, 0, 0, 0, 0, 0, 0, 0, 0, 0, 0, 0, 0, 0, 0, 0, 0, 0, 0, 0, 0, 0, 0, 0, 0, 0, 0, 0, 0, 0, 0, 0, 0, 0, 0, 0, 0, 0, 0, 0, 0, 0, 0, 0, 0, 0, 0, 0, 0, 0, 0, 0, 0, 0, 0, 0, 0, 0, 0, 0, 0, 0, 0, 0, 0, 0, 0, 0, 0, 0, 0, 0, 0, 0, 0, 0, 0, 0, 0, 0, 0, 0, 0, 0, 0, 0, 0, 0, 0, 0, 0, 0, 0, 0, 0, 0, 0, 0, 0, 0, 0, 0, 0, 0, 0, 0, 0, 0, 0, 0, 0, 0, 0, 0, 0, 0, 0, 0, 0, 0, 0, 0, 0, 0, 0, 0, 0, 0, 0, 0, 0, 0, 0, 0, 0, 0, 0, 0, 0, 0, 0, 0, 0, 0, 0, 0, 0, 0, 0, 0, 0, 0, 0, 0, 0, 0, 0, 0, 0, 0, 0, 0, 0, 0, 0, 0, 0, 0, 0, 0, 0, 0, 0, 0, 0, 0, 0, 0, 0, 0, 0, 0, 0, 0, 0, 0, 0, 0, 0, 0, 0, 0, 0, 0, 0, 0, 0, 0, 0, 0, 0, 0, 0, 0, 0, 0, 0, 0, 0, 0, 0, 0, 0, 0, 0, 0, 0, 0, 0, 0, 0, 0, 0, 0, 0, 0, 0, 0, 0, 0, 0, 0, 0, 0, 0, 0, 0, 0, 0, 0, 0, 0, 0, 0, 0, 0, 0, 0, 0, 0, 0, 0, 0, 0, 0, 0, 0, 0, 0, 0, 0, 0, 0, 0, 0, 0, 0, 0, 0, 0, 0, 0, 0, 0, 0, 0, 0, 0, 0, 0, 0, 0, 0, 0, 0, 0, 0, 0, 0, 0, 0, 0, 0, 0, 0, 0, 0, 0, 0, 0, 0, 0, 0, 0, 0, 0, 0, 0, 0, 0, 0, 0, 0, 0, 0, 0, 0, 0, 0, 0, 0, 0, 0, 0, 0, 0, 0, 0, 0, 0, 0, 0, 0, 0, 0, 0, 0, 0, 0, 0, 0, 0, 0, 0, 0, 0, 0, 0, 0, 0, 0, 0, 0, 0, 0, 0, 0, 0, 0, 0, 0, 0, 0, 0, 0, 0, 0, 0, 0, 0, 0, 0, 0, 0, 0, 0, 0, 0, 0, 0, 0, 0, 0, 0, 0, 0, 0, 0, 0, 0, 0, 0, 0, 0, 0, 0, 0, 0, 0, 0, 0, 0, 0, 0, 0, 0, 0, 0, 0, 0, 0, 0, 0, 0, 0, 0, 0, 0, 0, 0, 0, 0, 0, 0, 0, 0, 0, 0, 0, 0, 0, 0, 0, 0, 0, 0, 0, 0, 0, 0, 0, 0, 0, 0, 0, 0, 0, 0, 0, 0, 0, 0, 0, 0, 0, 0, 0, 0, 0, 0, 0, 0, 0, 0, 0, 0, 0, 0, 0, 0, 0, 0, 0, 0, 0, 0, 0, 0, 0, 0, 0, 0, 0, 0, 0, 0, 0, 0, 0, 0, 0, 0, 0, 0, 0, 0, 0, 0, 0, 0, 0, 0, 0, 0, 0, 0, 0, 0, 0, 0, 0, 0, 0, 0, 0, 0, 0, 0, 0, 0, 0, 0, 0, 0, 0, 0, 0, 0, 0, 0, 0, 0, 0, 0, 0, 0, 0, 0, 0, 0, 0, 0, 0, 0, 0, 0, 0, 0, 0, 0, 0, 0, 0, 0, 0, 0, 0, 0, 0, 0, 0, 0, 0, 0, 0, 0, 0, 0, 0, 0, 0, 0, 0, 0, 0, 0, 0, 0, 0, 0, 0, 0, 0, 0, 0, 0, 0, 0, 0, 0, 0, 0, 0, 0, 0, 0, 0, 0, 0, 0, 0, 0, 0, 0, 0, 0, 0, 0, 0, 0, 0, 0, 0, 0, 0, 0, 0, 0, 0, 0, 0, 0, 0, 0, 0, 0, 0, 0, 0, 0, 0, 0, 0, 0, 0, 0, 0, 0, 0, 0, 0, 0, 0, 0, 0, 0, 0, 0, 0, 0, 0, 0, 0, 0, 0, 0, 0, 0, 0, 0, 0, 0, 0, 0, 0, 0, 0, 0, 0, 0, 0, 0, 0, 0, 0, 0, 0, 0, 0, 0, 0, 0, 0, 0, 0, 0, 0, 0, 0, 0, 0, 0, 0, 0, 0, 0, 0, 0, 0, 0, 0, 0, 0, 0, 0, 0, 0, 0, 0, 0, 0, 0, 0, 0, 0, 0, 0, 0, 0, 0, 0, 0, 0, 0, 0, 0, 0, 0, 0, 0, 0, 0, 0, 0, 0, 0, 0, 0, 0, 0, 0, 0, 0, 0, 0, 0, 0, 0, 0, 0, 0, 0, 0, 0, 0, 0, 0, 0, 0, 0, 0, 0, 0, 0, 0, 0, 0, 0, 0, 0, 0, 0, 0, 0, 0, 0, 0, 0, 0, 0, 0, 0, 0, 0, 0, 0, 0, 0, 0, 0, 0, 0, 0, 0, 0, 0, 0, 0, 0, 0, 0, 0, 0, 0, 0, 0, 0, 0, 0, 0, 0, 0, 0, 0, 0, 0, 0, 0, 0, 0, 0, 0, 0, 0, 0, 0, 0, 0, 0, 0, 0, 0, 0, 0, 0, 0, 0, 0, 0, 0, 0, 0, 0, 0, 0, 0, 0, 0, 0, 0, 0, 0, 0, 0, 0, 0, 0, 0, 0, 0, 0, 0, 0, 0, 0, 0, 0, 0, 0, 0, 0, 0, 0, 0, 0, 0, 0, 0, 0, 0, 0, 0, 0, 0, 0, 0, 0, 0, 0, 0, 0, 0, 0, 0, 0, 0, 0, 0, 0, 0, 0, 0, 0, 0, 0, 0, 0, 0, 0, 0, 0, 0, 0, 0, 0, 0, 0, 0, 0, 0, 0, 0, 0, 0, 0, 0, 0, 0, 0, 0, 0, 0, 0, 0, 0, 0, 0, 0, 0, 0, 0, 0, 0, 0, 0, 0, 0, 0, 0, 0, 0, 0, 0, 0, 0, 0, 0, 0, 0, 0, 0, 0, 0, 0, 0, 0, 0, 0, 0, 0, 0, 0, 0, 0, 0, 0, 0, 0, 0, 0, 0, 0, 0, 0, 0, 0, 0, 0, 0, 0, 0, 0, 0, 0, 0, 0, 0, 0, 0, 0, 0, 0, 0, 0, 0, 0, 0, 0, 0, 0, 0, 0, 0, 0, 0, 0, 0, 0, 0, 0, 0, 0, 0, 0, 0, 0, 0, 0, 0, 0, 0, 0, 0, 0, 0, 0, 0, 0, 0, 0, 0, 0, 0, 0, 0, 0, 0, 0, 0, 0, 0, 0, 0, 0, 0, 0, 0, 0, 0, 0, 0, 0, 0, 0, 0, 0, 0, 0, 0, 0, 0, 0, 0, 0, 0, 0, 0, 0, 0, 0, 0, 0, 0, 0, 0, 0, 0, 0, 0, 0, 0, 0, 0, 0, 0, 0, 0, 0, 0, 0, 0, 0, 0, 0, 0, 0, 0, 0, 0, 0, 0, 0, 0, 0, 0, 0, 0, 0, 0, 0, 0, 0, 0, 0, 0, 0, 0, 0, 0, 0, 0, 0, 0, 0, 0, 0, 0, 0, 0, 0, 0, 0, 0, 0, 0, 0, 0, 0, 0, 0, 0, 0, 0, 0, 0, 0, 0, 0, 0, 0, 0, 0, 0, 0, 0, 0, 0, 0, 0, 0, 0, 0, 0, 0, 0, 0, 0, 0, 0, 0, 0, 0, 0, 0, 0, 0, 0, 0, 0, 0, 0, 0, 0, 0, 0, 0, 0, 0, 0, 0, 0, 0, 0, 0, 0, 0, 0, 0, 0, 0, 0, 0, 0, 0, 0, 0, 0, 0, 0, 0, 0, 0, 0, 0, 0, 0, 0, 0, 0, 0, 0, 0, 0, 0, 0, 0, 0, 0, 0, 0, 0, 0, 0, 0, 0, 0, 0, 0, 0, 0, 0, 0, 0, 0, 0, 0, 0, 0, 0, 0, 0, 0, 0, 0, 0, 0, 0, 0, 0, 0, 0, 0, 0, 0, 0, 0, 0, 0, 0, 0, 0, 0, 0, 0, 0, 0, 0, 0, 0, 0, 0, 0, 0, 0, 0, 0, 0, 0, 0, 0, 0, 0, 0, 0, 0, 0, 0, 0, 0, 0, 0, 0, 0, 0, 0, 0, 0, 0, 0, 0, 0, 0, 0, 0, 0, 0, 0, 0, 0, 0, 0, 0, 0, 0, 0, 0, 0, 0, 0, 0, 0, 0, 0, 0, 0, 0, 0, 0, 0, 0, 0, 0, 0, 0, 0, 0, 0, 0, 0, 0, 0, 0, 0, 0, 0, 0, 0, 0, 0, 0, 0, 0, 0, 0, 0, 0, 0, 0, 0, 0, 0, 0, 0, 0, 0, 0, 0, 0, 0, 0, 0, 0, 0, 0, 0, 0, 0, 0, 0, 0, 0, 0, 0, 0, 0, 0, 0, 0, 0, 0, 0, 0, 0, 0, 0, 0, 0, 0, 0, 0, 0, 0, 0, 0, 0, 0, 0, 0, 0, 0, 0, 0, 0, 0, 0, 0, 0, 0, 0, 0, 0, 0, 0, 0, 0, 0, 0, 0, 0, 0, 0, 0, 0, 0, 0, 0, 0, 0, 0, 0, 0, 0, 0, 0, 0, 0, 0, 0, 0, 0, 0, 0, 0, 0, 0, 0, 0, 0, 0, 0, 0, 0, 0, 0, 0, 0, 0, 0, 0, 0, 0, 0, 0, 0, 0, 0, 0, 0, 0, 0, 0, 0, 0, 0, 0, 0, 0, 0, 0, 0, 0, 0, 0, 0, 0, 0, 0, 0, 0, 0, 0, 0, 0, 0, 0, 0, 0, 0, 0, 0, 0, 0, 0, 0, 0, 0, 0, 0, 0, 0, 0, 0, 0, 0, 0, 0, 0, 0, 0, 0, 0, 0, 0, 0, 0, 0, 0, 0, 0, 0, 0, 0, 0, 0, 0, 0, 0, 0, 0, 0, 0, 0, 0, 0, 0, 0, 0, 0, 0, 0, 0, 0, 0, 0, 0, 0, 0, 0, 0, 0, 0, 0, 0, 0, 0, 0, 0, 0, 0, 0, 0, 0, 0, 0, 0, 0, 0, 0, 0, 0, 0, 0, 0, 0, 0, 0, 0, 0, 0, 0, 0, 0, 0, 0, 0, 0, 0, 0, 0, 0, 0, 0, 0, 0, 0, 0, 0, 0, 0, 0, 0, 0, 0, 0, 0, 0, 0, 0, 0, 0, 0, 0, 0, 0, 0, 0, 0, 0, 0, 0, 0, 0, 0, 0, 0, 0, 0, 0, 0, 0, 0, 0, 0, 0, 0, 0, 0, 0, 0, 0, 0, 0, 0, 0, 0, 0, 0, 0, 0, 0, 0, 0, 0, 0, 0, 0, 0, 0, 0, 0, 0, 0, 0, 0, 0, 0, 0, 0, 0, 0, 0, 0, 0, 0, 0, 0, 0, 0, 0, 0, 0, 0, 0, 0, 0, 0, 0, 0, 0, 0, 0, 0, 0, 0, 0, 0, 0, 0, 0, 0, 0, 0, 0, 0, 0, 0, 0, 0, 0, 0, 0, 0, 0, 0, 0, 0, 0, 0, 0, 0, 0, 0, 0, 0, 0, 0, 0, 0, 0, 0, 0, 0, 0, 0, 0, 0, 0, 0, 0, 0, 0, 0, 0, 0, 0, 0, 0, 0, 0, 0, 0, 0, 0, 0, 0, 0, 0, 0, 0, 0, 0, 0, 0, 0, 0, 0, 0, 0, 0, 0, 0, 0, 0, 0, 0, 0, 0, 0, 0, 0, 0, 0, 0, 0, 0, 0, 0, 0, 0, 0, 0, 0, 0, 0, 0, 0, 0, 0, 0, 0, 0, 0, 0, 0, 0, 0, 0, 0, 0, 0, 0, 0, 0, 0, 0, 0, 0, 0, 0, 0, 0, 0, 0, 0, 0, 0, 0, 0, 0, 0, 0, 0, 0, 0, 0, 0, 0, 0, 0, 0, 0, 0, 0, 0, 0, 0, 0, 0, 0, 0, 0, 0, 0, 0, 0, 0, 0, 0, 0, 0, 0, 0, 0, 0, 0, 0, 0, 0, 0, 0, 0, 0, 0, 0, 0, 0, 0, 0, 0, 0, 0, 0, 0, 0, 0, 0, 0, 0, 0, 0, 0, 0, 0, 0, 0, 0, 0, 0, 0, 0, 0, 0, 0, 0, 0, 0, 0, 0, 0, 0, 0, 0, 0, 0, 0, 0, 0, 0, 0, 0, 0, 0, 0, 0, 0, 0, 0, 0, 0, 0, 0, 0, 0, 0, 0, 0, 0, 0, 0, 0, 0, 0, 0, 0, 0, 0, 0, 0, 0, 0, 0, 0, 0, 0, 0, 0, 0, 0, 0, 0, 0, 0, 0, 0, 0, 0, 0, 0, 0, 0, 0, 0, 0, 0, 0, 0, 0, 0, 0, 0, 0, 0, 0, 0, 0, 0, 0, 0, 0, 0, 0, 0, 0, 0, 0, 0, 0, 0, 0, 0, 0, 0, 0, 0, 0, 0, 0, 0, 0, 0, 0, 0, 0, 0, 0, 0, 0, 0, 0, 0, 0, 0, 0, 0, 0, 0, 0, 0, 0, 0, 0, 0, 0, 0, 0, 0, 0, 0, 0, 0, 0, 0, 0, 0, 0, 0, 0, 0, 0, 0, 0, 0, 0, 0, 0, 0, 0, 0, 0, 0, 0, 0, 0, 0, 0, 0, 0, 0, 0, 0, 0, 0, 0, 0, 0, 0, 0, 0, 0, 0, 0, 0, 0, 0, 0, 0, 0, 0, 0, 0, 0, 0, 0, 0, 0, 0, 0, 0, 0, 0, 0, 0, 0, 0, 0, 0, 0, 0, 0, 0, 0, 0, 0, 0, 0, 0, 0, 0, 0, 0, 0, 0, 0, 0, 0, 0, 0, 0, 0, 0, 0, 0, 0, 0, 0, 0, 0, 0, 0, 0, 0, 0, 0, 0, 0, 0, 0, 0, 0, 0, 0, 0, 0, 0, 0, 0, 0, 0, 0, 0, 0, 0, 0, 0, 0, 0, 0, 0, 0, 0, 0, 0, 0, 0, 0, 0, 0, 0, 0, 0, 0, 0, 0, 0, 0, 0, 0, 0, 0, 0, 0, 0, 0, 0, 0, 0, 0, 0, 0, 0, 0, 0, 0, 0, 0, 0, 0, 0, 0, 0, 0, 0, 0, 0, 0, 0, 0, 0, 0, 0, 0, 0, 0, 0, 0, 0, 0, 0, 0, 0, 0, 0, 0, 0, 0, 0, 0, 0, 0, 0, 0, 0, 0, 0, 0, 0, 0, 0, 0, 0, 0, 0, 0, 0, 0, 0, 0, 0, 0, 0, 0, 0, 0, 0, 0, 0, 0, 0, 0, 0, 0, 0, 0, 0, 0, 0, 0, 0, 0, 0, 0, 0, 0, 0, 0, 0, 0, 0, 0, 0, 0, 0, 0, 0, 0, 0, 0, 0, 0, 0, 0, 0, 0, 0, 0, 0, 0, 0, 0, 0, 0, 0, 0, 0, 0, 0, 0, 0, 0, 0, 0, 0, 0, 0, 0, 0, 0, 0, 0, 0, 0, 0, 0, 0, 0, 0, 0, 0, 0, 0, 0, 0, 0, 0, 0, 0, 0, 0, 0, 0, 0, 0, 0, 0, 0, 0, 0, 0, 0, 0, 0, 0, 0, 0, 0, 0, 0, 0, 0, 0, 0, 0, 0, 0, 0, 0, 0, 0, 0, 0, 0, 0, 0, 0, 0, 0, 0, 0, 0, 0, 0, 0, 0, 0, 0, 0, 0, 0, 0, 0, 0, 0, 0, 0, 0, 0, 0, 0, 0, 0, 0, 0, 0, 0, 0, 0, 0, 0, 0, 0, 0, 0, 0, 0, 0, 0, 0, 0, 0, 0, 0, 0, 0, 0, 0, 0, 0, 0, 0, 0, 0, 0, 0, 0, 0, 0, 0, 0, 0, 0, 0, 0, 0, 0, 0, 0, 0, 0, 0, 0, 0, 0, 0, 0, 0, 0, 0, 0, 0, 0, 0, 0, 0, 0, 0, 0, 0, 0, 0, 0, 0, 0, 0, 0, 0, 0, 0, 0, 0, 0, 0, 0, 0, 0, 0, 0, 0, 0, 0, 0, 0, 0, 0, 0, 0, 0, 0, 0, 0, 0, 0, 0, 0, 0, 0, 0, 0, 0, 0, 0, 0, 0, 0, 0, 0, 0, 0, 0, 0, 0, 0, 0, 0, 0, 0, 0, 0, 0, 0, 0, 0, 0, 0, 0, 0, 0, 0, 0, 0, 0, 0, 0, 0, 0, 0, 0, 0, 0, 0, 0, 0, 0, 0, 0, 0, 0, 0, 0, 0, 0, 0, 0, 0, 0, 0, 0, 0, 0, 0, 0, 0, 0, 0, 0, 0, 0, 0, 0, 0, 0, 0, 0, 0, 0, 0, 0, 0, 0, 0, 0, 0, 0, 0, 0, 0, 0, 0, 0, 0, 0, 0, 0, 0, 0, 0, 0, 0, 0, 0, 0, 0, 0, 0, 0, 0, 0, 0, 0, 0, 0, 0, 0, 0, 0, 0, 0, 0, 0, 0, 0, 0, 0, 0, 0, 0, 0, 0, 0, 0, 0, 0, 0, 0, 0, 0, 0, 0, 0, 0, 0, 0, 0, 0, 0, 0, 0, 0, 0, 0, 0, 0, 0, 0, 0, 0, 0, 0, 0, 0, 0, 0, 0, 0, 0, 0, 0, 0, 0, 0, 0, 0, 0, 0, 0, 0, 0, 0, 0, 0, 0, 0, 0, 0, 0, 0, 0, 0, 0, 0, 0, 0, 0, 0, 0, 0, 0, 0, 0, 0, 0, 0, 0, 0, 0, 0, 0, 0, 0, 0, 0, 0, 0, 0, 0, 0, 0, 0, 0, 0, 0, 0, 0, 0, 0, 0, 0, 0, 0, 0, 0, 0, 0, 0, 0, 0, 0, 0, 0, 0, 0, 0, 0, 0, 0, 0, 0, 0, 0, 0, 0, 0, 0, 0, 0, 0, 0, 0, 0, 0, 0, 0, 0, 0, 0, 0, 0, 0, 0, 0, 0, 0, 0, 0, 0, 0, 0, 0, 0, 0, 0, 0, 0, 0, 0, 0, 0, 0, 0, 0, 0, 0, 0, 0, 0, 0, 0, 0, 0, 0, 0, 0, 0, 0, 0, 0, 0, 0, 0, 0, 0, 0, 0, 0, 0, 0, 0, 0, 0, 0, 0, 0, 0, 0, 0, 0, 0, 0, 0, 0, 0, 0, 0, 0, 0, 0, 0, 0, 0, 0, 0, 0, 0, 0, 0, 0, 0, 0, 0, 0, 0, 0, 0, 0, 0, 0, 0, 0, 0, 0, 0, 0, 0, 0, 0, 0, 0, 0, 0, 0, 0, 0, 0, 0, 0, 0, 0, 0, 0, 0, 0, 0, 0, 0, 0, 0, 0, 0, 0, 0, 0, 0, 0, 0, 0, 0, 0, 0, 0, 0, 0, 0, 0, 0, 0, 0, 0, 0, 0, 0, 0, 0, 0, 0, 0, 0, 0, 0, 0, 0, 0, 0, 0, 0, 0, 0, 0, 0, 0, 0, 0, 0, 0, 0, 0, 0, 0, 0, 0, 0, 0, 0, 0, 0, 0, 0, 0, 0, 0, 0, 0, 0, 0, 0, 0, 0, 0, 0, 0, 0, 0, 0, 0, 0, 0, 0, 0, 0, 0, 0, 0, 0, 0, 0, 0, 0, 0, 0, 0, 0, 0, 0, 0, 0, 0, 0, 0, 0, 0, 0, 0, 0, 0, 0, 0, 0, 0, 0, 0, 0, 0, 0, 0, 0, 0, 0, 0, 0, 0, 0, 0, 0, 0, 0, 0, 0, 0, 0, 0, 0, 0, 0, 0, 0, 0, 0, 0, 0, 0, 0, 0, 0, 0, 0, 0, 0, 0, 0, 0, 0, 0, 0, 0, 0, 0, 0, 0, 0, 0, 0, 0, 0, 0, 0, 0, 0, 0, 0, 0, 0, 0, 0, 0, 0, 0, 0, 0, 0, 0, 0, 0, 0, 0, 0, 0, 0, 0, 0, 0, 0, 0, 0, 0, 0, 0, 0, 0, 0, 0, 0, 0, 0, 0, 0, 0, 0, 0, 0, 0, 0, 0, 0, 0, 0, 0, 0, 0, 0, 0, 0, 0, 0, 0, 0, 0, 0, 0, 0, 0, 0, 0, 0, 0, 0, 0, 0, 0, 0, 0, 0, 0, 0, 0, 0, 0, 0, 0, 0, 0, 0, 0, 0, 0, 0, 0, 0, 0, 0, 0, 0, 0, 0, 0, 0, 0, 0, 0, 0, 0, 0, 0, 0, 0, 0, 0, 0, 0, 0, 0, 0, 0, 0, 0, 0, 0, 0, 0, 0, 0, 0, 0, 0, 0, 0, 0, 0, 0, 0, 0, 0, 0, 0, 0, 0, 0, 0, 0, 0, 0, 0, 0, 0, 0, 0, 0, 0, 0, 0, 0, 0, 0, 0, 0, 0, 0, 0, 0, 0, 0, 0, 0, 0, 0, 0, 0, 0, 0, 0, 0, 0, 0, 0, 0, 0, 0, 0, 0, 0, 0, 0, 0, 0, 0, 0, 0, 0, 0, 0, 0, 0, 0, 0, 0, 0, 0, 0, 0, 0, 0, 0, 0, 0, 0, 0, 0, 0, 0, 0, 0, 0, 0, 0, 0, 0, 0, 0, 0, 0, 0, 0, 0, 0, 0, 0, 0, 0, 0, 0, 0, 0, 0, 0, 0, 0, 0, 0, 0, 0, 0, 0, 0, 0, 0, 0, 0, 0, 0, 0, 0, 0, 0, 0, 0, 0, 0, 0, 0, 0, 0, 0, 0, 0, 0, 0, 0, 0, 0, 0, 0, 0, 0, 0, 0, 0, 0, 0, 0, 0, 0, 0, 0, 0, 0, 0, 0, 0, 0, 0, 0, 0, 0, 0, 0, 0, 0, 0, 0, 0, 0, 0, 0, 0, 0, 0, 0, 0, 0, 0, 0, 0, 0, 0, 0, 0, 0, 0, 0, 0, 0, 0, 0, 0, 0, 0, 0, 0, 0, 0, 0, 0, 0, 0, 0, 0, 0, 0, 0, 0, 0, 0, 0, 0, 0, 0, 0, 0, 0, 0, 0, 0, 0, 0, 0, 0, 0, 0, 0, 0, 0, 0, 0, 0, 0, 0, 0, 0, 0, 0, 0, 0, 0, 0, 0, 0, 0, 0, 0, 0, 0, 0, 0, 0, 0, 0, 0, 0, 0, 0, 0, 0, 0, 0, 0, 0, 0, 0, 0, 0, 0, 0, 0, 0, 0, 0, 0, 0, 0, 0, 0, 0, 0, 0, 0, 0, 0, 0, 0, 0, 0, 0, 0, 0, 0, 0, 0, 0, 0, 0, 0, 0, 0, 0, 0, 0, 0, 0, 0, 0, 0, 0, 0, 0, 0, 0, 0, 0, 0, 0, 0, 0, 0, 0, 0, 0, 0, 0, 0, 0, 0, 0, 0, 0, 0, 0, 0, 0, 0, 0, 0, 0, 0, 0, 0, 0, 0, 0, 0, 0, 0, 0, 0, 0, 0, 0, 0, 0, 0, 0, 0, 0, 0, 0, 0, 0, 0, 0, 0, 0, 0, 0, 0, 0, 0, 0, 0, 0, 0, 0, 0, 0, 0, 0, 0, 0, 0, 0, 0, 0, 0, 0, 0, 0, 0, 0, 0, 0, 0, 0, 0, 0, 0, 0, 0, 0, 0, 0, 0, 0, 0, 0, 0, 0, 0, 0, 0, 0, 0, 0, 0, 0, 0, 0, 0, 0, 0, 0, 0, 0, 0, 0, 0, 0, 0, 0, 0, 0, 0, 0, 0, 0, 0, 0, 0, 0, 0, 0, 0, 0, 0, 0, 0, 0, 0, 0, 0, 0, 0, 0, 0, 0, 0, 0, 0, 0, 0, 0, 0, 0, 0, 0, 0, 0, 0, 0, 0, 0, 0, 0, 0, 0, 0, 0, 0, 0, 0, 0, 0, 0, 0, 0, 0, 0, 0, 0, 0, 0, 0, 0, 0, 0, 0, 0, 0, 0, 0, 0, 0, 0, 0, 0, 0, 0, 0, 0, 0, 0, 0, 0, 0, 0, 0, 0, 0, 0, 0, 0, 0, 0, 0, 0, 0, 0, 0, 0, 0, 0, 0, 0, 0, 0, 0, 0, 0, 0, 0, 0, 0, 0, 0, 0, 0, 0, 0, 0, 0, 0, 0, 0, 0, 0, 0, 0, 0, 0, 0, 0, 0, 0, 0, 0, 0, 0, 0, 0, 0, 0, 0, 0, 0, 0, 0, 0, 0, 0, 0, 0, 0, 0, 0, 0, 0, 0, 0, 0, 0, 0, 0, 0, 0, 0, 0, 0, 0, 0, 0, 0, 0, 0, 0, 0, 0, 0, 0, 0, 0, 0, 0, 0, 0, 0, 0, 0, 0, 0, 0, 0, 0, 0, 0, 0, 0, 0, 0, 0, 0, 0, 0, 0, 0, 0, 0, 0, 0, 0, 0, 0, 0, 0, 0, 0, 0, 0, 0, 0, 0, 0, 0, 0, 0, 0, 0, 0, 0, 0, 0, 0, 0, 0, 0, 0, 0, 0, 0, 0, 0, 0, 0, 0, 0, 0, 0, 0, 0, 0, 0, 0, 0, 0, 0, 0, 0, 0, 0, 0, 0, 0, 0, 0, 0, 0, 0, 0, 0, 0, 0, 0, 0, 0, 0, 0, 0, 0, 0, 0, 0, 0, 0, 0, 0, 0, 0, 0, 0, 0, 0, 0, 0, 0, 0, 0, 0, 0, 0, 0, 0, 0, 0, 0, 0, 0, 0, 0, 0, 0, 0, 0, 0, 0, 0, 0, 0, 0, 0, 0, 0, 0, 0, 0, 0, 0, 0, 0, 0, 0, 0, 0, 0, 0, 0, 0, 0, 0, 0, 0, 0, 0, 0, 0, 0, 0, 0, 0, 0, 0, 0, 0, 0, 0, 0, 0, 0, 0, 0, 0, 0, 0, 0, 0, 0, 0, 0, 0, 0, 0, 0, 0, 0, 0, 0, 0, 0, 0, 0, 0, 0, 0, 0, 0, 0, 0, 0, 0, 0, 0, 0, 0, 0, 0, 0, 0, 0, 0, 0, 0, 0, 0, 0, 0, 0, 0, 0, 0, 0, 0, 0, 0, 0, 0, 0, 0, 0, 0, 0, 0, 0, 0, 0, 0, 0, 0, 0, 0, 0, 0, 0, 0, 0, 0, 0, 0, 0, 0, 0, 0, 0, 0, 0, 0, 0, 0, 0, 0, 0, 0, 0, 0, 0, 0, 0, 0, 0, 0, 0, 0, 0, 0, 0, 0, 0, 0, 0, 0, 0, 0, 0, 0, 0, 0, 0, 0, 0, 0, 0, 0, 0, 0, 0, 0, 0, 0, 0, 0, 0, 0, 0, 0, 0, 0, 0, 0, 0, 0, 0, 0, 0, 0, 0, 0, 0, 0, 0, 0, 0, 0, 0, 0, 0, 0, 0, 0, 0, 0, 0, 0, 0, 0, 0, 0, 0, 0, 0, 0, 0, 0, 0, 0, 0, 0, 0, 0, 0, 0, 0, 0, 0, 0, 0, 0, 0, 0, 0, 0, 0, 0, 0, 0, 0, 0, 0, 0, 0, 0, 0, 0, 0, 0, 0, 0, 0, 0, 0, 0, 0, 0, 0, 0, 0, 0, 0, 0, 0, 0, 0, 0, 0, 0, 0, 0, 0, 0, 0, 0, 0, 0, 0, 0, 0, 0, 0, 0, 0, 0, 0, 0, 0, 0, 0, 0, 0, 0, 0, 0, 0, 0, 0, 0, 0, 0, 0, 0, 0, 0, 0, 0, 0, 0, 0, 0, 0, 0, 0, 0, 0, 0, 0, 0, 0, 0, 0, 0, 0, 0, 0, 0, 0, 0, 0, 0, 0, 0, 0, 0, 0, 0, 0, 0, 0, 0, 0, 0, 0, 0, 0, 0, 0, 0, 0, 0, 0, 0, 0, 0, 0, 0, 0, 0, 0, 0, 0, 0, 0, 0, 0, 0, 0, 0, 0, 0, 0, 0, 0, 0, 0, 0, 0, 0, 0, 0, 0, 0, 0, 0, 0, 0, 0, 0, 0, 0, 0, 0, 0, 0, 0, 0, 0, 0, 0, 0, 0, 0, 0, 0, 0, 0, 0, 0, 0, 0, 0, 0, 0, 0, 0, 0, 0, 0, 0, 0, 0, 0, 0, 0, 0, 0, 0, 0, 0, 0, 0, 0, 0, 0, 0, 0, 0, 0, 0, 0, 0, 0, 0, 0, 0, 0, 0, 0, 0, 0, 0, 0, 0, 0, 0, 0, 0, 0, 0, 0, 0, 0, 0, 0, 0, 0, 0, 0, 0, 0, 0, 0, 0, 0, 0, 0, 0, 0, 0, 0, 0, 0, 0, 0, 0, 0, 0, 0, 0, 0, 0, 0, 0, 0, 0, 0, 0, 0, 0, 0, 0, 0, 0, 0, 0, 0, 0, 0, 0, 0, 0, 0, 0, 0, 0, 0, 0, 0, 0, 0, 0, 0, 0, 0, 0, 0, 0, 0, 0, 0, 0, 0, 0, 0, 0, 0, 0, 0, 0, 0, 0, 0, 0, 0, 0, 0, 0, 0, 0, 0, 0, 0, 0, 0, 0, 0, 0, 0, 0, 0, 0, 0, 0, 0, 0, 0, 0, 0, 0, 0, 0, 0, 0, 0, 0, 0, 0, 0, 0, 0, 0, 0, 0, 0, 0, 0, 0, 0, 0, 0, 0, 0, 0, 0, 0, 0, 0, 0, 0, 0, 0, 0, 0, 0, 0, 0, 0, 0, 0, 0, 0, 0, 0, 0, 0, 0, 0, 0, 0, 0, 0, 0, 0, 0, 0, 0, 0, 0, 0, 0, 0, 0, 0, 0, 0, 0, 0, 0, 0, 0, 0, 0, 0, 0, 0, 0, 0, 0, 0, 0, 0, 0, 0, 0, 0, 0, 0, 0, 0, 0, 0, 0, 0, 0, 0, 0, 0, 0, 0, 0, 0, 0, 0, 0, 0, 0, 0, 0, 0, 0, 0, 0, 0, 0, 0, 0, 0, 0, 0, 0, 0, 0, 0, 0, 0, 0, 0, 0, 0, 0, 0, 0, 0, 0, 0, 0, 0, 0, 0, 0, 0, 0, 0, 0, 0, 0, 0, 0, 0, 0, 0, 0, 0, 0, 0, 0, 0, 0, 0, 0, 0, 0, 0, 0, 0, 0, 0, 0, 0, 0, 0, 0, 0, 0, 0, 0, 0, 0, 0, 0, 0, 0, 0, 0, 0, 0, 0, 0, 0, 0, 0, 0, 0, 0, 0, 0, 0, 0, 0, 0, 0, 0, 0, 0, 0, 0, 0, 0, 0, 0, 0, 0, 0, 0, 0, 0, 0, 0, 0, 0, 0, 0, 0, 0, 0, 0, 0, 0, 0, 0, 0, 0, 0, 0, 0, 0, 0, 0, 0, 0, 0, 0, 0, 0, 0, 0, 0, 0, 0, 0, 0, 0, 0, 0, 0, 0, 0, 0, 0, 0, 0, 0, 0, 0, 0, 0, 0, 0, 0, 0, 0, 0, 0, 0, 0, 0, 0, 0, 0, 0, 0, 0, 0, 0, 0, 0, 0, 0, 0, 0, 0, 0, 0, 0, 0, 0, 0, 0, 0, 0, 0, 0, 0, 0, 0, 0, 0, 0, 0, 0, 0, 0, 0, 0, 0, 0, 0, 0, 0, 0, 0, 0, 0, 0, 0, 0, 0, 0, 0, 0, 0, 0, 0, 0, 0, 0, 0, 0, 0, 0, 0, 0, 0, 0, 0, 0, 0, 0, 0, 0, 0, 0, 0, 0, 0, 0, 0, 0, 0, 0, 0, 0, 0, 0, 0, 0, 0, 0, 0, 0, 0, 0, 0, 0, 0, 0, 0, 0, 0, 0, 0, 0, 0, 0, 0, 0, 0, 0, 0, 0, 0, 0, 0, 0, 0, 0, 0, 0, 0, 0, 0, 0, 0, 0, 0, 0, 0, 0, 0, 0, 0, 0, 0, 0, 0, 0, 0, 0, 0, 0, 0, 0, 0, 0, 0, 0, 0, 0, 0, 0, 0, 0, 0, 0, 0, 0, 0, 0, 0, 0, 0, 0, 0, 0, 0, 0, 0, 0, 0, 0, 0, 0, 0, 0, 0, 0, 0, 0, 0, 0, 0, 0, 0, 0, 0, 0, 0, 0, 0, 0, 0, 0, 0, 0, 0, 0, 0, 0, 0, 0, 0, 0, 0, 0, 0, 0, 0, 0, 0, 0, 0, 0, 0, 0, 0, 0, 0, 0, 0, 0, 0, 0, 0, 0, 0, 0, 0, 0, 0, 0, 0, 0, 0, 0, 0, 0, 0, 0, 0, 0, 0, 0, 0, 0, 0, 0, 0, 0, 0, 0, 0, 0, 0, 0, 0, 0, 0, 0, 0, 0, 0, 0, 0, 0, 0, 0, 0, 0, 0, 0, 0, 0, 0, 0, 0, 0, 0, 0, 0, 0, 0, 0, 0, 0, 0, 0, 0, 0, 0, 0, 0, 0, 0, 0, 0, 0, 0, 0, 0, 0, 0, 0, 0, 0, 0, 0, 0, 0, 0, 0, 0, 0, 0, 0, 0, 0, 0, 0, 0, 0, 0, 0, 0, 0, 0, 0, 0, 0, 0, 0, 0, 0, 0, 0, 0, 0, 0, 0, 0, 0, 0, 0, 0, 0, 0, 0, 0, 0, 0, 0, 0, 0, 0, 0, 0, 0, 0, 0, 0, 0, 0, 0, 0, 0, 0, 0, 0, 0, 0, 0, 0, 0, 0, 0, 0, 0, 0, 0, 0, 0, 0, 0, 0, 0, 0, 0, 0, 0, 0, 0, 0, 0, 0, 0, 0, 0, 0, 0, 0, 0, 0, 0, 0, 0, 0, 0, 0, 0, 0, 0, 0, 0, 0, 0, 0, 0, 0, 0, 0, 0, 0, 0, 0, 0, 0, 0, 0, 0, 0, 0, 0, 0, 0, 0, 0, 0, 0, 0, 0, 0, 0, 0, 0, 0, 0, 0, 0, 0, 0, 0, 0, 0, 0, 0, 0, 0, 0, 0, 0, 0, 0, 0, 0, 0, 0, 0, 0, 0, 0, 0, 0, 0, 0, 0, 0, 0, 0, 0, 0, 0, 0, 0, 0, 0, 0, 0, 0, 0, 0, 0, 0, 0, 0, 0, 0, 0, 0, 0, 0, 0, 0, 0, 0, 0, 0, 0, 0, 0, 0, 0, 0, 0, 0, 0, 0, 0, 0, 0, 0, 0, 0, 0, 0, 0, 0, 0, 0, 0, 0, 0, 0, 0, 0, 0, 0, 0, 0, 0, 0, 0, 0, 0, 0, 0, 0, 0, 0, 0, 0, 0, 0, 0, 0, 0, 0, 0, 0, 0, 0, 0, 0, 0, 0, 0, 0, 0, 0, 0, 0, 0, 0, 0, 0, 0, 0, 0, 0, 0, 0, 0, 0, 0, 0, 0, 0, 0, 0, 0, 0, 0, 0, 0, 0, 0, 0, 0, 0, 0, 0, 0, 0, 0, 0, 0, 0, 0, 0, 0, 0, 0, 0, 0, 0, 0, 0, 0, 0, 0, 0, 0, 0, 0, 0, 0, 0, 0, 0, 0, 0, 0, 0, 0, 0, 0, 0, 0, 0, 0, 0, 0, 0, 0, 0, 0, 0, 0, 0, 0, 0, 0, 0, 0, 0, 0, 0, 0, 0, 0, 0, 0, 0, 0, 0, 0, 0, 0, 0, 0, 0, 0, 0, 0, 0, 0, 0, 0, 0, 0, 0, 0, 0, 0, 0, 0, 0, 0, 0, 0, 0, 0, 0, 0, 0, 0, 0, 0, 0, 0, 0, 0, 0, 0, 0, 0, 0, 0, 0, 0, 0, 0, 0, 0, 0, 0, 0, 0, 0, 0, 0, 0, 0, 0, 0, 0, 0, 0, 0, 0, 0, 0, 0, 0, 0, 0, 0, 0, 0, 0, 0, 0, 0, 0, 0, 0, 0, 0, 0, 0, 0, 0, 0, 0, 0, 0, 0, 0, 0, 0, 0, 0, 0, 0, 0, 0, 0, 0, 0, 0, 0, 0, 0, 0, 0, 0, 0, 0, 0, 0, 0, 0, 0, 0, 0, 0, 0, 0, 0, 0, 0, 0, 0, 0, 0, 0, 0, 0, 0, 0, 0, 0, 0, 0, 0, 0, 0, 0, 0, 0, 0, 0, 0, 0, 0, 0, 0, 0, 0, 0, 0, 0, 0, 0, 0, 0, 0, 0, 0, 0, 0, 0, 0, 0, 0, 0, 0, 0, 0, 0, 0, 0, 0, 0, 0, 0, 0, 0, 0, 0, 0, 0, 0, 0, 0, 0, 0, 0, 0, 0, 0, 0, 0, 0, 0, 0, 0, 0, 0, 0, 0, 0, 0, 0, 0, 0, 0, 0, 0, 0, 0, 0, 0, 0, 0, 0, 0, 0, 0, 0, 0, 0, 0, 0, 0, 0, 0, 0, 0, 0, 0, 0, 0, 0, 0, 0, 0, 0, 0, 0, 0, 0, 0, 0, 0, 0, 0, 0, 0, 0, 0, 0, 0, 0, 0, 0, 0, 0, 0, 0, 0, 0, 0, 0, 0, 0, 0, 0, 0, 0, 0, 0, 0, 0, 0, 0, 0, 0, 0, 0, 0, 0, 0, 0, 0, 0, 0, 0, 0, 0, 0, 0, 0, 0, 0, 0, 0, 0, 0, 0, 0, 0, 0, 0, 0, 0, 0, 0, 0, 0, 0, 0, 0, 0, 0, 0, 0, 0, 0, 0, 0, 0, 0, 0, 0, 0, 0, 0, 0, 0, 0, 0, 0, 0, 0, 0, 0, 0, 0, 0, 0, 0, 0, 0, 0, 0, 0, 0, 0, 0, 0, 0, 0, 0, 0, 0, 0, 0, 0, 0, 0, 0, 0, 0, 0, 0, 0, 0, 0, 0, 0, 0, 0, 0, 0, 0, 0, 0, 0, 0, 0, 0, 0, 0, 0, 0, 0, 0, 0, 0, 0, 0, 0, 0, 0, 0, 0, 0, 0, 0, 0, 0, 0, 0, 0, 0, 0, 0, 0, 0, 0, 0, 0, 0, 0, 0, 0, 0, 0, 0, 0, 0, 0, 0, 0, 0, 0, 0, 0, 0, 0, 0, 0, 0, 0, 0, 0, 0, 0, 0, 0, 0, 0, 0, 0, 0, 0, 0, 0, 0, 0, 0, 0, 0, 0, 0, 0, 0, 0, 0, 0, 0, 0, 0, 0, 0, 0, 0, 0, 0, 0, 0, 0, 0, 0, 0, 0, 0, 0, 0, 0, 0, 0, 0, 0, 0, 0, 0, 0, 0, 0, 0, 0, 0, 0, 0, 0, 0, 0, 0, 0, 0, 0, 0, 0, 0, 0, 0, 0, 0, 0, 0, 0, 0, 0, 0, 0, 0, 0, 0, 0, 0, 0, 0, 0, 0, 0, 0, 0, 0, 0, 0, 0, 0, 0, 0, 0, 0, 0, 0, 0, 0, 0, 0, 0, 0, 0, 0, 0, 0, 0, 0, 0, 0, 0, 0, 0, 0, 0, 0, 0, 0, 0, 0, 0, 0, 0, 0, 0, 0, 0, 0, 0, 0, 0, 0, 0, 0, 0, 0, 0, 0, 0, 0, 0, 0, 0, 0, 0, 0, 0, 0, 0, 0, 0, 0, 0, 0, 0, 0, 0, 0, 0, 0, 0, 0, 0, 0, 0, 0, 0, 0, 0, 0, 0, 0, 0, 0, 0, 0, 0, 0, 0, 0, 0, 0, 0, 0, 0, 0, 0, 0, 0, 0, 0, 0, 0, 0, 0, 0, 0, 0, 0, 0, 0, 0, 0, 0, 0, 0, 0, 0, 0, 0, 0, 0, 0, 0, 0, 0, 0, 0, 0, 0, 0, 0, 0, 0, 0, 0, 0, 0, 0, 0, 0, 0, 0, 0, 0, 0, 0, 0, 0, 0, 0, 0, 0, 0, 0, 0, 0, 0, 0, 0, 0, 0, 0, 0, 0, 0, 0, 0, 0, 0, 0, 0, 0, 0, 0, 0, 0, 0, 0, 0, 0, 0, 0, 0, 0, 0, 0, 0, 0, 0, 0, 0, 0, 0, 0, 0, 0, 0, 0, 0, 0, 0, 0, 0, 0, 0, 0, 0, 0, 0, 0, 0, 0, 0, 0, 0, 0, 0, 0, 0, 0, 0, 0, 0, 0, 0, 0, 0, 0, 0, 0, 0, 0, 0, 0, 0, 0, 0, 0, 0, 0, 0, 0, 0, 0, 0, 0, 0, 0, 0, 0, 0, 0, 0, 0, 0, 0, 0, 0, 0, 0, 0, 0, 0, 0, 0, 0, 0, 0, 0, 0, 0, 0, 0, 0, 0, 0, 0, 0, 0, 0, 0, 0, 0, 0, 0, 0, 0, 0, 0, 0, 0, 0, 0, 0, 0, 0, 0, 0, 0, 0, 0, 0, 0, 0, 0, 0, 0, 0, 0, 0, 0, 0, 0, 0, 0, 0, 0, 0, 0, 0, 0, 0, 0, 0, 0, 0, 0, 0, 0, 0, 0, 0, 0, 0, 0, 0, 0, 0, 0, 0, 0, 0, 0, 0, 0, 0, 0, 0, 0, 0, 0, 0, 0, 0, 0, 0, 0, 0, 0, 0, 0, 0, 0, 0, 0, 0, 0, 0, 0, 0, 0, 0, 0, 0, 0, 0, 0, 0, 0, 0, 0, 0, 0, 0, 0, 0, 0, 0, 0, 0, 0, 0, 0, 0, 0, 0, 0, 0, 0, 0, 0, 0, 0, 0, 0, 0, 0, 0, 0, 0, 0, 0, 0, 0, 0, 0, 0, 0, 0, 0, 0, 0, 0, 0, 0, 0, 0, 0, 0, 0, 0, 0, 0, 0, 0, 0, 0, 0, 0, 0, 0, 0, 0, 0, 0, 0, 0, 0, 0, 0, 0, 0, 0, 0, 0, 0, 0, 0, 0, 0, 0, 0, 0, 0, 0, 0, 0, 0, 0, 0, 0, 0, 0, 0, 0, 0, 0, 0, 0, 0, 0, 0, 0, 0, 0, 0, 0, 0, 0, 0, 0, 0, 0, 0, 0, 0, 0, 0, 0, 0, 0, 0, 0, 0, 0, 0, 0, 0, 0, 0, 0, 0, 0, 0, 0, 0, 0, 0, 0, 0, 0, 0, 0, 0, 0, 0, 0, 0, 0, 0, 0, 0, 0, 0, 0, 0, 0, 0, 0, 0, 0, 0, 0, 0, 0, 0, 0, 0, 0, 0, 0, 0, 0, 0, 0, 0, 0, 0, 0, 0, 0, 0, 0, 0, 0, 0, 0, 0, 0, 0, 0, 0, 0, 0, 0, 0, 0, 0, 0, 0, 0, 0, 0, 0, 0, 0, 0, 0, 0, 0, 0, 0, 0, 0, 0, 0, 0, 0, 0, 0, 0, 0, 0, 0, 0, 0, 0, 0, 0, 0, 0, 0, 0, 0, 0, 0, 0, 0, 0, 0, 0, 0, 0, 0, 0, 0, 0, 0, 0, 0, 0, 0, 0, 0, 0, 0, 0, 0, 0, 0, 0, 0, 0, 0, 0, 0, 0, 0, 0, 0, 0, 0, 0, 0, 0, 0, 0, 0, 0, 0, 0, 0, 0, 0, 0, 0, 0, 0, 0, 0, 0, 0, 0, 0, 0, 0, 0, 0, 0, 0, 0, 0, 0, 0, 0, 0, 0, 0, 0, 0, 0, 0, 0, 0, 0, 0, 0, 0, 0, 0, 0, 0, 0, 0, 0, 0, 0, 0, 0, 0, 0, 0, 0, 0, 0, 0, 0, 0, 0, 0, 0, 0, 0, 0, 0, 0, 0, 0, 0, 0, 0, 0, 0, 0, 0, 0, 0, 0, 0, 0, 0, 0, 0, 0, 0, 0, 0, 0, 0, 0, 0, 0, 0, 0, 0, 0, 0, 0, 0, 0, 0, 0, 0, 0, 0, 0, 0, 0, 0, 0, 0, 0, 0, 0, 0, 0, 0, 0, 0, 0, 0, 0, 0, 0, 0, 0, 0, 0, 0, 0, 0, 0, 0, 0, 0, 0, 0, 0, 0, 0, 0, 0, 0, 0, 0, 0, 0, 0, 0, 0, 0, 0, 0, 0, 0, 0, 0, 0, 0, 0, 0, 0, 0, 0, 0, 0, 0, 0, 0, 0, 0, 0, 0, 0, 0, 0, 0, 0, 0, 0, 0, 0, 0, 0, 0, 0, 0, 0, 0, 0, 0, 0, 0, 0, 0, 0, 0, 0, 0, 0, 0, 0, 0, 0, 0, 0, 0, 0, 0, 0, 0, 0, 0, 0, 0, 0, 0, 0, 0, 0, 0, 0, 0, 0, 0, 0, 0, 0, 0, 0, 0, 0, 0, 0, 0, 0, 0, 0, 0, 0, 0, 0, 0, 0, 0, 0, 0, 0, 0, 0, 0, 0, 0, 0, 0, 0, 0, 0, 0, 0, 0, 0, 0, 0, 0, 0, 0, 0, 0, 0, 0, 0, 0, 0, 0, 0, 0, 0, 0, 0, 0, 0, 0, 0, 0, 0, 0, 0, 0, 0, 0, 0, 0, 0, 0, 0, 0, 0, 0, 0, 0, 0, 0, 0, 0, 0, 0, 0, 0, 0, 0, 0, 0, 0, 0, 0, 0, 0, 0, 0, 0, 0, 0, 0, 0, 0, 0, 0, 0, 0, 0, 0, 0, 0, 0, 0, 0, 0, 0, 0, 0, 0, 0, 0, 0, 0, 0, 0, 0, 0, 0, 0, 0, 0, 0, 0, 0, 0, 0, 0, 0, 0, 0, 0, 0, 0, 0, 0, 0, 0, 0, 0, 0, 0, 0, 0, 0, 0, 0, 0, 0, 0, 0, 0, 0, 0, 0, 0, 0, 0, 0, 0, 0, 0, 0, 0, 0, 0]
Clustering Coefficient Average: 0.0
Clustering Coefficient Variance: 0.0
Connected Component Sizes: [9550]
Connected Component Size Average: 9550.0
Connected Component Size Variance: 0.0
