Expected STDOUT.txt
  1===== Unit test for not_gate =====
  2not_gate( A ) | RESULT
  3--------------|-------
  4not_gate( 0 ) | 1
  5not_gate( 1 ) | 0
  6
  7===== Unit test for or_gate =====
  8or_gate( A, B ) | RESULT
  9----------------|-------
 10or_gate( 0, 0 ) | 0
 11or_gate( 0, 1 ) | 1
 12or_gate( 1, 0 ) | 1
 13or_gate( 1, 1 ) | 1
 14
 15===== Unit test for and_gate =====
 16and_gate( A, B ) | RESULT
 17-----------------|-------
 18and_gate( 0, 0 ) | 0
 19and_gate( 0, 1 ) | 0
 20and_gate( 1, 0 ) | 0
 21and_gate( 1, 1 ) | 1
 22
 23===== Unit test for xor_gate =====
 24xor_gate( A, B ) | RESULT
 25-----------------|-------
 26xor_gate( 0, 0 ) | 0
 27xor_gate( 0, 1 ) | 1
 28xor_gate( 1, 0 ) | 1
 29xor_gate( 1, 1 ) | 0
 30
 31===== Unit test for nor_gate =====
 32nor_gate( A, B ) | RESULT
 33-----------------|-------
 34nor_gate( 0, 0 ) | 1
 35nor_gate( 0, 1 ) | 0
 36nor_gate( 1, 0 ) | 0
 37nor_gate( 1, 1 ) | 0
 38
 39===== Unit test for 2-input decoder =====
 40decoder( I0, I1 ) | ( O0, O1, O2, O3 )
 41------------------|-------------------
 42decoder(  0,  0 ) | (  1,  0,  0,  0 )
 43decoder(  0,  1 ) | (  0,  1,  0,  0 )
 44decoder(  1,  0 ) | (  0,  0,  1,  0 )
 45decoder(  1,  1 ) | (  0,  0,  0,  1 )
 46
 47===== Unit test for 2-input multiplexor =====
 48multiplexor( S ) | ( I0, I1 ) | RESULT
 49-----------------|------------|-------
 50multiplexer( 0 ) | (  0,  0 ) |  0
 51multiplexer( 0 ) | (  0,  1 ) |  0
 52multiplexer( 0 ) | (  1,  0 ) |  1
 53multiplexer( 0 ) | (  1,  1 ) |  1
 54multiplexer( 1 ) | (  0,  0 ) |  0
 55multiplexer( 1 ) | (  0,  1 ) |  1
 56multiplexer( 1 ) | (  1,  0 ) |  0
 57multiplexer( 1 ) | (  1,  1 ) |  1
 58
 59===== Unit test for 4-input multiplexor =====
 60multiplexor( S0, S1 ) | ( I0, I1, I2, I3 ) | RESULT
 61----------------------|--------------------|-------
 62multiplexer(  0,  0 ) | (  0,  0,  0,  0 ) |  0
 63multiplexer(  0,  0 ) | (  0,  0,  0,  1 ) |  0
 64multiplexer(  0,  0 ) | (  0,  0,  1,  0 ) |  0
 65multiplexer(  0,  0 ) | (  0,  0,  1,  1 ) |  0
 66multiplexer(  0,  0 ) | (  0,  1,  0,  0 ) |  0
 67multiplexer(  0,  0 ) | (  0,  1,  0,  1 ) |  0
 68multiplexer(  0,  0 ) | (  0,  1,  1,  0 ) |  0
 69multiplexer(  0,  0 ) | (  0,  1,  1,  1 ) |  0
 70multiplexer(  0,  0 ) | (  1,  0,  0,  0 ) |  1
 71multiplexer(  0,  0 ) | (  1,  0,  0,  1 ) |  1
 72multiplexer(  0,  0 ) | (  1,  0,  1,  0 ) |  1
 73multiplexer(  0,  0 ) | (  1,  0,  1,  1 ) |  1
 74multiplexer(  0,  0 ) | (  1,  1,  0,  0 ) |  1
 75multiplexer(  0,  0 ) | (  1,  1,  0,  1 ) |  1
 76multiplexer(  0,  0 ) | (  1,  1,  1,  0 ) |  1
 77multiplexer(  0,  0 ) | (  1,  1,  1,  1 ) |  1
 78multiplexer(  0,  1 ) | (  0,  0,  0,  0 ) |  0
 79multiplexer(  0,  1 ) | (  0,  0,  0,  1 ) |  0
 80multiplexer(  0,  1 ) | (  0,  0,  1,  0 ) |  0
 81multiplexer(  0,  1 ) | (  0,  0,  1,  1 ) |  0
 82multiplexer(  0,  1 ) | (  0,  1,  0,  0 ) |  1
 83multiplexer(  0,  1 ) | (  0,  1,  0,  1 ) |  1
 84multiplexer(  0,  1 ) | (  0,  1,  1,  0 ) |  1
 85multiplexer(  0,  1 ) | (  0,  1,  1,  1 ) |  1
 86multiplexer(  0,  1 ) | (  1,  0,  0,  0 ) |  0
 87multiplexer(  0,  1 ) | (  1,  0,  0,  1 ) |  0
 88multiplexer(  0,  1 ) | (  1,  0,  1,  0 ) |  0
 89multiplexer(  0,  1 ) | (  1,  0,  1,  1 ) |  0
 90multiplexer(  0,  1 ) | (  1,  1,  0,  0 ) |  1
 91multiplexer(  0,  1 ) | (  1,  1,  0,  1 ) |  1
 92multiplexer(  0,  1 ) | (  1,  1,  1,  0 ) |  1
 93multiplexer(  0,  1 ) | (  1,  1,  1,  1 ) |  1
 94multiplexer(  1,  0 ) | (  0,  0,  0,  0 ) |  0
 95multiplexer(  1,  0 ) | (  0,  0,  0,  1 ) |  0
 96multiplexer(  1,  0 ) | (  0,  0,  1,  0 ) |  1
 97multiplexer(  1,  0 ) | (  0,  0,  1,  1 ) |  1
 98multiplexer(  1,  0 ) | (  0,  1,  0,  0 ) |  0
 99multiplexer(  1,  0 ) | (  0,  1,  0,  1 ) |  0
100multiplexer(  1,  0 ) | (  0,  1,  1,  0 ) |  1
101multiplexer(  1,  0 ) | (  0,  1,  1,  1 ) |  1
102multiplexer(  1,  0 ) | (  1,  0,  0,  0 ) |  0
103multiplexer(  1,  0 ) | (  1,  0,  0,  1 ) |  0
104multiplexer(  1,  0 ) | (  1,  0,  1,  0 ) |  1
105multiplexer(  1,  0 ) | (  1,  0,  1,  1 ) |  1
106multiplexer(  1,  0 ) | (  1,  1,  0,  0 ) |  0
107multiplexer(  1,  0 ) | (  1,  1,  0,  1 ) |  0
108multiplexer(  1,  0 ) | (  1,  1,  1,  0 ) |  1
109multiplexer(  1,  0 ) | (  1,  1,  1,  1 ) |  1
110multiplexer(  1,  1 ) | (  0,  0,  0,  0 ) |  0
111multiplexer(  1,  1 ) | (  0,  0,  0,  1 ) |  1
112multiplexer(  1,  1 ) | (  0,  0,  1,  0 ) |  0
113multiplexer(  1,  1 ) | (  0,  0,  1,  1 ) |  1
114multiplexer(  1,  1 ) | (  0,  1,  0,  0 ) |  0
115multiplexer(  1,  1 ) | (  0,  1,  0,  1 ) |  1
116multiplexer(  1,  1 ) | (  0,  1,  1,  0 ) |  0
117multiplexer(  1,  1 ) | (  0,  1,  1,  1 ) |  1
118multiplexer(  1,  1 ) | (  1,  0,  0,  0 ) |  0
119multiplexer(  1,  1 ) | (  1,  0,  0,  1 ) |  1
120multiplexer(  1,  1 ) | (  1,  0,  1,  0 ) |  0
121multiplexer(  1,  1 ) | (  1,  0,  1,  1 ) |  1
122multiplexer(  1,  1 ) | (  1,  1,  0,  0 ) |  0
123multiplexer(  1,  1 ) | (  1,  1,  0,  1 ) |  1
124multiplexer(  1,  1 ) | (  1,  1,  1,  0 ) |  0
125multiplexer(  1,  1 ) | (  1,  1,  1,  1 ) |  1
126
127===== Unit test for 1-bit adder =====
128adder( A, B, CI ) | ( CO, Sum )
129------------------|------------
130adder( 0, 0,  0 ) | (  0,   0 )
131adder( 0, 0,  1 ) | (  0,   1 )
132adder( 0, 1,  0 ) | (  0,   1 )
133adder( 0, 1,  1 ) | (  1,   0 )
134adder( 1, 0,  0 ) | (  0,   1 )
135adder( 1, 0,  1 ) | (  1,   0 )
136adder( 1, 1,  0 ) | (  1,   0 )
137adder( 1, 1,  1 ) | (  1,   1 )
138
139===== Unit test for 1-Bit ALU =====
140ALU( A, B ) | ( Bi, CI, Op0, Op1 ) | ( Re, CO )
141------------|----------------------|-----------
142ALU( 0, 0 ) | (  0,  0,   0,   0 ) | (  0,  0 )
143ALU( 0, 0 ) | (  0,  0,   0,   1 ) | (  0,  0 )
144ALU( 0, 0 ) | (  0,  0,   1,   0 ) | (  0,  0 )
145ALU( 0, 0 ) | (  0,  0,   1,   1 ) | (  0,  0 )
146ALU( 0, 0 ) | (  0,  1,   0,   0 ) | (  0,  0 )
147ALU( 0, 0 ) | (  0,  1,   0,   1 ) | (  0,  0 )
148ALU( 0, 0 ) | (  0,  1,   1,   0 ) | (  1,  0 )
149ALU( 0, 0 ) | (  0,  1,   1,   1 ) | (  0,  0 )
150ALU( 0, 0 ) | (  1,  0,   0,   0 ) | (  0,  0 )
151ALU( 0, 0 ) | (  1,  0,   0,   1 ) | (  1,  0 )
152ALU( 0, 0 ) | (  1,  0,   1,   0 ) | (  1,  0 )
153ALU( 0, 0 ) | (  1,  0,   1,   1 ) | (  0,  0 )
154ALU( 0, 0 ) | (  1,  1,   0,   0 ) | (  0,  1 )
155ALU( 0, 0 ) | (  1,  1,   0,   1 ) | (  1,  1 )
156ALU( 0, 0 ) | (  1,  1,   1,   0 ) | (  0,  1 )
157ALU( 0, 0 ) | (  1,  1,   1,   1 ) | (  0,  1 )
158ALU( 0, 1 ) | (  0,  0,   0,   0 ) | (  0,  0 )
159ALU( 0, 1 ) | (  0,  0,   0,   1 ) | (  1,  0 )
160ALU( 0, 1 ) | (  0,  0,   1,   0 ) | (  1,  0 )
161ALU( 0, 1 ) | (  0,  0,   1,   1 ) | (  0,  0 )
162ALU( 0, 1 ) | (  0,  1,   0,   0 ) | (  0,  1 )
163ALU( 0, 1 ) | (  0,  1,   0,   1 ) | (  1,  1 )
164ALU( 0, 1 ) | (  0,  1,   1,   0 ) | (  0,  1 )
165ALU( 0, 1 ) | (  0,  1,   1,   1 ) | (  0,  1 )
166ALU( 0, 1 ) | (  1,  0,   0,   0 ) | (  0,  0 )
167ALU( 0, 1 ) | (  1,  0,   0,   1 ) | (  0,  0 )
168ALU( 0, 1 ) | (  1,  0,   1,   0 ) | (  0,  0 )
169ALU( 0, 1 ) | (  1,  0,   1,   1 ) | (  0,  0 )
170ALU( 0, 1 ) | (  1,  1,   0,   0 ) | (  0,  0 )
171ALU( 0, 1 ) | (  1,  1,   0,   1 ) | (  0,  0 )
172ALU( 0, 1 ) | (  1,  1,   1,   0 ) | (  1,  0 )
173ALU( 0, 1 ) | (  1,  1,   1,   1 ) | (  0,  0 )
174ALU( 1, 0 ) | (  0,  0,   0,   0 ) | (  0,  0 )
175ALU( 1, 0 ) | (  0,  0,   0,   1 ) | (  1,  0 )
176ALU( 1, 0 ) | (  0,  0,   1,   0 ) | (  1,  0 )
177ALU( 1, 0 ) | (  0,  0,   1,   1 ) | (  0,  0 )
178ALU( 1, 0 ) | (  0,  1,   0,   0 ) | (  0,  1 )
179ALU( 1, 0 ) | (  0,  1,   0,   1 ) | (  1,  1 )
180ALU( 1, 0 ) | (  0,  1,   1,   0 ) | (  0,  1 )
181ALU( 1, 0 ) | (  0,  1,   1,   1 ) | (  0,  1 )
182ALU( 1, 0 ) | (  1,  0,   0,   0 ) | (  1,  1 )
183ALU( 1, 0 ) | (  1,  0,   0,   1 ) | (  1,  1 )
184ALU( 1, 0 ) | (  1,  0,   1,   0 ) | (  0,  1 )
185ALU( 1, 0 ) | (  1,  0,   1,   1 ) | (  0,  1 )
186ALU( 1, 0 ) | (  1,  1,   0,   0 ) | (  1,  1 )
187ALU( 1, 0 ) | (  1,  1,   0,   1 ) | (  1,  1 )
188ALU( 1, 0 ) | (  1,  1,   1,   0 ) | (  1,  1 )
189ALU( 1, 0 ) | (  1,  1,   1,   1 ) | (  0,  1 )
190ALU( 1, 1 ) | (  0,  0,   0,   0 ) | (  1,  1 )
191ALU( 1, 1 ) | (  0,  0,   0,   1 ) | (  1,  1 )
192ALU( 1, 1 ) | (  0,  0,   1,   0 ) | (  0,  1 )
193ALU( 1, 1 ) | (  0,  0,   1,   1 ) | (  0,  1 )
194ALU( 1, 1 ) | (  0,  1,   0,   0 ) | (  1,  1 )
195ALU( 1, 1 ) | (  0,  1,   0,   1 ) | (  1,  1 )
196ALU( 1, 1 ) | (  0,  1,   1,   0 ) | (  1,  1 )
197ALU( 1, 1 ) | (  0,  1,   1,   1 ) | (  0,  1 )
198ALU( 1, 1 ) | (  1,  0,   0,   0 ) | (  0,  0 )
199ALU( 1, 1 ) | (  1,  0,   0,   1 ) | (  1,  0 )
200ALU( 1, 1 ) | (  1,  0,   1,   0 ) | (  1,  0 )
201ALU( 1, 1 ) | (  1,  0,   1,   1 ) | (  0,  0 )
202ALU( 1, 1 ) | (  1,  1,   0,   0 ) | (  0,  1 )
203ALU( 1, 1 ) | (  1,  1,   0,   1 ) | (  1,  1 )
204ALU( 1, 1 ) | (  1,  1,   1,   0 ) | (  0,  1 )
205ALU( 1, 1 ) | (  1,  1,   1,   1 ) | (  0,  1 )
206