Graph: Fungal Graph ER
Number of Nodes: 1531
Number of Edges: 2253
Degree Average: 2.943174395819726
Degree Variance: 2.960193450317646
Diameter: 16
Radius: 0
Average Eccentricity: 11.591770084911822
Number of Connected Components: 83
Largest Connected Component: 1445
Degree Distribution: [10, 10, 9, 9, 9, 9, 9, 9, 8, 8, 8, 8, 8, 8, 8, 7, 7, 7, 7, 7, 7, 7, 7, 7, 7, 7, 7, 7, 7, 7, 7, 7, 7, 7, 7, 7, 7, 7, 7, 7, 7, 7, 7, 7, 7, 7, 7, 7, 7, 7, 7, 7, 7, 7, 7, 7, 6, 6, 6, 6, 6, 6, 6, 6, 6, 6, 6, 6, 6, 6, 6, 6, 6, 6, 6, 6, 6, 6, 6, 6, 6, 6, 6, 6, 6, 6, 6, 6, 6, 6, 6, 6, 6, 6, 6, 6, 6, 6, 6, 6, 6, 6, 6, 6, 6, 6, 6, 6, 6, 6, 6, 6, 6, 6, 6, 6, 5, 5, 5, 5, 5, 5, 5, 5, 5, 5, 5, 5, 5, 5, 5, 5, 5, 5, 5, 5, 5, 5, 5, 5, 5, 5, 5, 5, 5, 5, 5, 5, 5, 5, 5, 5, 5, 5, 5, 5, 5, 5, 5, 5, 5, 5, 5, 5, 5, 5, 5, 5, 5, 5, 5, 5, 5, 5, 5, 5, 5, 5, 5, 5, 5, 5, 5, 5, 5, 5, 5, 5, 5, 5, 5, 5, 5, 5, 5, 5, 5, 5, 5, 5, 5, 5, 5, 5, 5, 5, 5, 5, 5, 5, 5, 5, 5, 5, 5, 5, 5, 5, 5, 5, 5, 5, 5, 5, 5, 5, 5, 5, 5, 5, 5, 5, 5, 5, 5, 5, 5, 5, 5, 5, 5, 5, 5, 5, 5, 5, 5, 5, 5, 5, 5, 5, 5, 5, 5, 5, 5, 5, 5, 4, 4, 4, 4, 4, 4, 4, 4, 4, 4, 4, 4, 4, 4, 4, 4, 4, 4, 4, 4, 4, 4, 4, 4, 4, 4, 4, 4, 4, 4, 4, 4, 4, 4, 4, 4, 4, 4, 4, 4, 4, 4, 4, 4, 4, 4, 4, 4, 4, 4, 4, 4, 4, 4, 4, 4, 4, 4, 4, 4, 4, 4, 4, 4, 4, 4, 4, 4, 4, 4, 4, 4, 4, 4, 4, 4, 4, 4, 4, 4, 4, 4, 4, 4, 4, 4, 4, 4, 4, 4, 4, 4, 4, 4, 4, 4, 4, 4, 4, 4, 4, 4, 4, 4, 4, 4, 4, 4, 4, 4, 4, 4, 4, 4, 4, 4, 4, 4, 4, 4, 4, 4, 4, 4, 4, 4, 4, 4, 4, 4, 4, 4, 4, 4, 4, 4, 4, 4, 4, 4, 4, 4, 4, 4, 4, 4, 4, 4, 4, 4, 4, 4, 4, 4, 4, 4, 4, 4, 4, 4, 4, 4, 4, 4, 4, 4, 4, 4, 4, 4, 4, 4, 4, 4, 4, 4, 4, 4, 4, 4, 4, 4, 4, 4, 4, 4, 4, 4, 4, 4, 4, 4, 4, 4, 4, 4, 4, 4, 4, 4, 4, 4, 4, 4, 4, 4, 4, 4, 4, 4, 4, 4, 4, 4, 4, 4, 4, 4, 4, 4, 4, 4, 4, 4, 4, 4, 4, 4, 4, 4, 4, 4, 4, 4, 4, 4, 4, 4, 4, 4, 4, 4, 4, 4, 4, 4, 4, 4, 4, 4, 4, 4, 4, 4, 4, 4, 4, 4, 4, 4, 4, 4, 3, 3, 3, 3, 3, 3, 3, 3, 3, 3, 3, 3, 3, 3, 3, 3, 3, 3, 3, 3, 3, 3, 3, 3, 3, 3, 3, 3, 3, 3, 3, 3, 3, 3, 3, 3, 3, 3, 3, 3, 3, 3, 3, 3, 3, 3, 3, 3, 3, 3, 3, 3, 3, 3, 3, 3, 3, 3, 3, 3, 3, 3, 3, 3, 3, 3, 3, 3, 3, 3, 3, 3, 3, 3, 3, 3, 3, 3, 3, 3, 3, 3, 3, 3, 3, 3, 3, 3, 3, 3, 3, 3, 3, 3, 3, 3, 3, 3, 3, 3, 3, 3, 3, 3, 3, 3, 3, 3, 3, 3, 3, 3, 3, 3, 3, 3, 3, 3, 3, 3, 3, 3, 3, 3, 3, 3, 3, 3, 3, 3, 3, 3, 3, 3, 3, 3, 3, 3, 3, 3, 3, 3, 3, 3, 3, 3, 3, 3, 3, 3, 3, 3, 3, 3, 3, 3, 3, 3, 3, 3, 3, 3, 3, 3, 3, 3, 3, 3, 3, 3, 3, 3, 3, 3, 3, 3, 3, 3, 3, 3, 3, 3, 3, 3, 3, 3, 3, 3, 3, 3, 3, 3, 3, 3, 3, 3, 3, 3, 3, 3, 3, 3, 3, 3, 3, 3, 3, 3, 3, 3, 3, 3, 3, 3, 3, 3, 3, 3, 3, 3, 3, 3, 3, 3, 3, 3, 3, 3, 3, 3, 3, 3, 3, 3, 3, 3, 3, 3, 3, 3, 3, 3, 3, 3, 3, 3, 3, 3, 3, 3, 3, 3, 3, 3, 3, 3, 3, 3, 3, 3, 3, 3, 3, 3, 3, 3, 3, 3, 3, 3, 3, 3, 3, 3, 3, 3, 3, 3, 3, 3, 3, 3, 3, 3, 3, 3, 3, 3, 3, 3, 3, 3, 3, 3, 3, 3, 3, 3, 3, 3, 3, 3, 3, 3, 3, 3, 3, 3, 3, 3, 3, 3, 3, 3, 3, 3, 3, 3, 3, 3, 3, 3, 3, 3, 3, 3, 3, 3, 3, 3, 3, 3, 3, 3, 3, 3, 3, 3, 3, 3, 3, 3, 3, 3, 3, 2, 2, 2, 2, 2, 2, 2, 2, 2, 2, 2, 2, 2, 2, 2, 2, 2, 2, 2, 2, 2, 2, 2, 2, 2, 2, 2, 2, 2, 2, 2, 2, 2, 2, 2, 2, 2, 2, 2, 2, 2, 2, 2, 2, 2, 2, 2, 2, 2, 2, 2, 2, 2, 2, 2, 2, 2, 2, 2, 2, 2, 2, 2, 2, 2, 2, 2, 2, 2, 2, 2, 2, 2, 2, 2, 2, 2, 2, 2, 2, 2, 2, 2, 2, 2, 2, 2, 2, 2, 2, 2, 2, 2, 2, 2, 2, 2, 2, 2, 2, 2, 2, 2, 2, 2, 2, 2, 2, 2, 2, 2, 2, 2, 2, 2, 2, 2, 2, 2, 2, 2, 2, 2, 2, 2, 2, 2, 2, 2, 2, 2, 2, 2, 2, 2, 2, 2, 2, 2, 2, 2, 2, 2, 2, 2, 2, 2, 2, 2, 2, 2, 2, 2, 2, 2, 2, 2, 2, 2, 2, 2, 2, 2, 2, 2, 2, 2, 2, 2, 2, 2, 2, 2, 2, 2, 2, 2, 2, 2, 2, 2, 2, 2, 2, 2, 2, 2, 2, 2, 2, 2, 2, 2, 2, 2, 2, 2, 2, 2, 2, 2, 2, 2, 2, 2, 2, 2, 2, 2, 2, 2, 2, 2, 2, 2, 2, 2, 2, 2, 2, 2, 2, 2, 2, 2, 2, 2, 2, 2, 2, 2, 2, 2, 2, 2, 2, 2, 2, 2, 2, 2, 2, 2, 2, 2, 2, 2, 2, 2, 2, 2, 2, 2, 2, 2, 2, 2, 2, 2, 2, 2, 2, 2, 2, 2, 2, 2, 2, 2, 2, 2, 2, 2, 2, 2, 2, 2, 2, 2, 2, 2, 2, 2, 2, 2, 2, 2, 2, 2, 2, 2, 2, 2, 2, 2, 2, 2, 2, 2, 2, 2, 2, 2, 2, 2, 2, 2, 2, 2, 2, 2, 2, 2, 2, 2, 2, 2, 2, 2, 2, 2, 2, 2, 2, 2, 2, 2, 2, 2, 2, 2, 2, 2, 2, 2, 2, 2, 2, 2, 2, 2, 2, 2, 2, 1, 1, 1, 1, 1, 1, 1, 1, 1, 1, 1, 1, 1, 1, 1, 1, 1, 1, 1, 1, 1, 1, 1, 1, 1, 1, 1, 1, 1, 1, 1, 1, 1, 1, 1, 1, 1, 1, 1, 1, 1, 1, 1, 1, 1, 1, 1, 1, 1, 1, 1, 1, 1, 1, 1, 1, 1, 1, 1, 1, 1, 1, 1, 1, 1, 1, 1, 1, 1, 1, 1, 1, 1, 1, 1, 1, 1, 1, 1, 1, 1, 1, 1, 1, 1, 1, 1, 1, 1, 1, 1, 1, 1, 1, 1, 1, 1, 1, 1, 1, 1, 1, 1, 1, 1, 1, 1, 1, 1, 1, 1, 1, 1, 1, 1, 1, 1, 1, 1, 1, 1, 1, 1, 1, 1, 1, 1, 1, 1, 1, 1, 1, 1, 1, 1, 1, 1, 1, 1, 1, 1, 1, 1, 1, 1, 1, 1, 1, 1, 1, 1, 1, 1, 1, 1, 1, 1, 1, 1, 1, 1, 1, 1, 1, 1, 1, 1, 1, 1, 1, 1, 1, 1, 1, 1, 1, 1, 1, 1, 1, 1, 1, 1, 1, 1, 1, 1, 1, 1, 1, 1, 1, 1, 1, 1, 1, 1, 1, 1, 1, 1, 1, 1, 1, 1, 1, 1, 1, 1, 1, 1, 1, 1, 1, 1, 1, 1, 1, 1, 1, 1, 1, 1, 1, 1, 1, 1, 1, 1, 1, 1, 1, 1, 1, 1, 1, 1, 1, 1, 1, 1, 1, 1, 0, 0, 0, 0, 0, 0, 0, 0, 0, 0, 0, 0, 0, 0, 0, 0, 0, 0, 0, 0, 0, 0, 0, 0, 0, 0, 0, 0, 0, 0, 0, 0, 0, 0, 0, 0, 0, 0, 0, 0, 0, 0, 0, 0, 0, 0, 0, 0, 0, 0, 0, 0, 0, 0, 0, 0, 0, 0, 0, 0, 0, 0, 0, 0, 0, 0, 0, 0, 0, 0, 0, 0, 0, 0, 0, 0, 0, 0]
Longest Shortest Paths: [12, 12, 12, 14, 14, 13, 14, 14, 13, 14, 13, 14, 14, 14, 13, 1, 13, 14, 14, 14, 14, 14, 12, 14, 13, 1, 13, 14, 13, 14, 12, 13, 1, 14, 13, 12, 13, 13, 12, 17, 11, 14, 13, 13, 15, 13, 13, 13, 12, 10, 13, 12, 13, 13, 15, 14, 13, 12, 15, 13, 12, 12, 13, 13, 12, 14, 13, 12, 14, 12, 13, 13, 14, 14, 11, 14, 13, 12, 13, 12, 13, 11, 15, 12, 14, 14, 13, 11, 14, 14, 15, 13, 13, 13, 13, 13, 14, 12, 14, 14, 13, 13, 14, 15, 12, 12, 17, 12, 13, 13, 13, 13, 11, 14, 14, 13, 12, 13, 13, 14, 14, 14, 14, 13, 14, 15, 13, 13, 14, 1, 12, 15, 13, 14, 13, 14, 13, 12, 14, 13, 14, 13, 14, 11, 13, 13, 1, 12, 15, 1, 11, 1, 14, 13, 13, 15, 12, 14, 13, 13, 13, 1, 13, 14, 12, 13, 14, 14, 13, 12, 13, 14, 13, 14, 14, 13, 1, 13, 12, 14, 12, 14, 15, 12, 1, 12, 12, 14, 14, 12, 13, 13, 13, 13, 14, 14, 13, 13, 14, 13, 13, 1, 15, 15, 14, 14, 13, 14, 13, 12, 13, 15, 12, 13, 13, 14, 15, 14, 12, 13, 1, 14, 17, 13, 12, 1, 1, 14, 13, 14, 13, 13, 15, 13, 14, 14, 14, 1, 14, 12, 12, 14, 12, 15, 13, 12, 13, 13, 14, 12, 13, 12, 12, 12, 17, 14, 13, 14, 14, 14, 14, 14, 13, 1, 14, 13, 13, 12, 13, 1, 12, 14, 13, 14, 13, 12, 15, 14, 14, 13, 14, 1, 13, 12, 15, 14, 12, 13, 14, 13, 12, 15, 1, 16, 13, 15, 14, 1, 13, 13, 1, 13, 12, 14, 13, 13, 14, 12, 15, 13, 14, 14, 13, 1, 12, 1, 14, 13, 13, 14, 13, 14, 13, 13, 12, 13, 13, 17, 15, 14, 14, 13, 1, 11, 12, 14, 14, 14, 12, 16, 15, 13, 14, 12, 12, 13, 14, 14, 1, 13, 13, 1, 15, 15, 13, 14, 13, 12, 13, 13, 13, 13, 13, 14, 15, 1, 13, 2, 14, 15, 12, 13, 13, 14, 13, 13, 14, 14, 14, 13, 14, 12, 15, 13, 14, 13, 15, 1, 14, 1, 14, 15, 12, 13, 12, 15, 13, 12, 13, 1, 15, 15, 15, 13, 13, 12, 12, 14, 11, 16, 13, 15, 14, 15, 12, 13, 14, 15, 13, 12, 16, 14, 12, 14, 13, 14, 14, 12, 14, 13, 16, 14, 12, 11, 13, 12, 13, 14, 13, 14, 14, 14, 13, 13, 15, 13, 13, 11, 14, 13, 13, 14, 13, 13, 13, 13, 13, 13, 14, 11, 14, 15, 13, 13, 15, 13, 13, 12, 12, 13, 15, 12, 12, 13, 13, 13, 13, 13, 11, 13, 14, 13, 14, 14, 14, 13, 13, 13, 1, 13, 15, 2, 15, 14, 13, 13, 15, 12, 14, 11, 13, 13, 13, 1, 14, 14, 16, 14, 12, 12, 14, 13, 15, 1, 11, 12, 13, 13, 13, 13, 15, 14, 15, 13, 13, 13, 13, 13, 13, 2, 12, 15, 14, 12, 12, 14, 12, 13, 14, 14, 13, 13, 14, 13, 14, 15, 14, 12, 13, 13, 12, 15, 12, 13, 14, 14, 14, 14, 12, 13, 13, 14, 13, 14, 13, 15, 13, 14, 12, 12, 13, 14, 13, 13, 14, 1, 14, 13, 15, 13, 13, 12, 14, 13, 14, 14, 13, 13, 13, 12, 13, 12, 14, 12, 13, 13, 14, 13, 12, 14, 13, 13, 12, 15, 1, 1, 13, 13, 13, 14, 12, 14, 14, 13, 12, 12, 14, 12, 15, 14, 13, 13, 16, 12, 13, 11, 13, 11, 13, 13, 13, 14, 12, 11, 16, 13, 16, 13, 13, 12, 13, 13, 13, 12, 12, 12, 15, 13, 12, 14, 13, 12, 13, 13, 13, 1, 13, 11, 14, 13, 14, 12, 12, 13, 1, 14, 12, 12, 14, 15, 12, 11, 14, 14, 1, 12, 14, 16, 16, 13, 14, 14, 13, 14, 14, 12, 1, 12, 11, 13, 15, 13, 12, 14, 13, 16, 13, 13, 12, 13, 15, 2, 13, 15, 14, 12, 14, 14, 13, 13, 13, 14, 11, 15, 15, 12, 1, 14, 13, 12, 13, 14, 15, 13, 16, 15, 14, 12, 15, 14, 13, 14, 13, 13, 14, 12, 13, 14, 12, 13, 14, 12, 13, 14, 15, 15, 15, 12, 12, 13, 13, 13, 14, 12, 12, 14, 12, 12, 14, 13, 13, 15, 13, 14, 13, 12, 13, 11, 14, 13, 14, 14, 12, 11, 12, 13, 13, 15, 14, 13, 12, 16, 13, 13, 15, 14, 13, 13, 12, 15, 14, 14, 13, 14, 12, 11, 13, 12, 14, 14, 13, 14, 1, 14, 14, 12, 14, 13, 15, 13, 1, 14, 14, 14, 12, 14, 13, 12, 12, 16, 13, 13, 13, 12, 14, 12, 15, 13, 12, 14, 13, 13, 13, 14, 13, 13, 14, 13, 14, 12, 14, 13, 14, 14, 13, 13, 15, 15, 13, 15, 15, 12, 12, 14, 12, 14, 12, 12, 13, 16, 12, 13, 15, 14, 15, 12, 13, 14, 12, 13, 11, 12, 13, 13, 12, 13, 13, 2, 12, 13, 13, 13, 14, 14, 14, 12, 12, 12, 13, 13, 12, 12, 16, 15, 14, 14, 15, 12, 14, 13, 13, 14, 1, 12, 12, 12, 14, 14, 1, 14, 14, 14, 13, 13, 14, 1, 14, 15, 1, 14, 12, 14, 12, 11, 13, 13, 12, 16, 1, 13, 14, 13, 12, 13, 13, 13, 13, 14, 12, 13, 11, 14, 13, 14, 14, 17, 14, 13, 13, 15, 12, 13, 12, 13, 14, 15, 12, 15, 13, 12, 14, 12, 13, 14, 13, 13, 14, 12, 14, 13, 13, 16, 13, 13, 1, 15, 11, 14, 14, 14, 12, 14, 12, 12, 13, 1, 15, 13, 13, 14, 13, 12, 14, 13, 13, 13, 16, 12, 15, 11, 13, 14, 13, 13, 14, 13, 13, 14, 14, 14, 13, 15, 12, 13, 12, 2, 12, 11, 13, 13, 13, 11, 15, 13, 15, 1, 15, 1, 13, 15, 13, 12, 1, 1, 12, 13, 14, 12, 14, 13, 12, 11, 13, 14, 12, 13, 13, 14, 12, 2, 14, 12, 13, 14, 13, 13, 12, 1, 13, 13, 15, 15, 14, 13, 13, 14, 13, 14, 1, 13, 14, 13, 13, 14, 13, 14, 15, 1, 14, 12, 12, 15, 13, 12, 13, 15, 13, 15, 14, 13, 12, 13, 12, 13, 14, 14, 12, 13, 14, 11, 12, 14, 12, 12, 13, 14, 14, 13, 13, 13, 12, 13, 12, 12, 12, 14, 13, 14, 12, 12, 12, 15, 14, 13, 13, 17, 14, 14, 14, 13, 14, 13, 14, 14, 13, 1, 12, 13, 12, 1, 14, 14, 13, 14, 14, 11, 13, 13, 1, 15, 12, 15, 1, 14, 14, 12, 16, 14, 12, 14, 14, 13, 13, 12, 13, 12, 12, 1, 14, 13, 15, 13, 13, 13, 13, 13, 12, 16, 12, 14, 15, 12, 13, 13, 12, 14, 14, 14, 13, 14, 14, 14, 12, 13, 13, 13, 13, 14, 14, 12, 13, 14, 16, 13, 13, 12, 13, 12, 12, 13, 13, 13, 13, 14, 12, 13, 13, 13, 13, 14, 13, 14, 11, 13, 13, 15, 13, 14, 14, 13, 14, 13, 13, 12, 14, 12, 15, 13, 14, 14, 14, 13, 14, 13, 14, 14, 1, 13, 13, 13, 12, 14, 12, 13, 14, 14, 1, 14, 12, 13, 13, 14, 12, 15, 14, 12, 15, 15, 2, 13, 13, 12, 15, 12, 13, 1, 13, 12, 12, 14, 12, 13, 16, 12, 12, 12, 16, 14, 1, 13, 13, 13, 15, 13, 12, 14, 13, 13, 13, 13, 15, 15, 14, 13, 1, 17, 14, 13, 1, 13, 1, 14, 12, 12, 11, 11, 12, 13, 12, 14, 12, 12, 14, 12, 13, 17, 13, 12, 14, 13, 11, 14, 13, 14, 12, 15, 13, 13, 14, 12, 14, 14, 12, 13, 14, 13, 12, 13, 12, 12, 13, 13, 13, 13, 12, 13, 13, 12, 12, 15, 13, 14, 15, 14, 15, 12, 14, 14, 14, 15, 14, 14, 11, 13, 13, 12, 14, 13, 13, 13, 14, 14, 13, 13, 11, 12, 13, 13, 14, 12, 14, 13, 14, 13, 13, 13, 13, 1, 14, 14, 13, 15, 14, 16, 12, 14, 13, 12, 13, 13, 14, 14, 14, 11, 14, 12, 12, 12, 14, 14, 16, 12, 14, 13, 13, 1, 13, 13, 13, 14, 12, 12, 13, 12, 13, 1, 12, 13, 13, 12, 13, 14, 13, 13, 13, 14, 1, 13, 12, 11, 13, 14, 14, 15, 13, 14, 13, 14, 13, 1, 14, 14, 14, 13, 12, 13, 12, 1, 13, 13, 12, 1, 14, 15, 1, 13, 1, 13, 13, 12, 14, 12, 15, 13, 14, 12, 13, 15, 15, 12, 14, 13, 14, 13, 13, 14, 14, 14, 14, 13, 14, 13, 13, 12, 12, 13, 15, 14, 14, 13, 14, 13, 15, 13, 12, 16, 13, 12, 12, 14, 14, 14, 13, 15, 13, 12, 14, 13, 12, 15, 12]
Longest shortest Path Average: 12.591770084911822
Longest Shortest Path Variance: 8.97181992362501
Clustering Coefficients: [0, 0, 0, 0, 0, 0, 0, 0, 0, 0, 0, 0, 0, 0, 0, 0, 0, 0, 0, 0, 0, 0, 0, 0, 0, 0, 0, 0, 0, 0, 0, 0, 0, 0, 0, 0, 0, 0, 0, 0, 0, 0, 0, 0, 0, 0, 0, 0, 0, 0, 0, 0, 0, 0, 0, 0, 0, 0, 0, 0, 0, 0, 0, 0, 0, 0, 0, 0, 0, 0, 0, 0, 0, 0, 0, 0, 0, 0, 0, 0, 0, 0, 0, 0, 0, 0, 0, 0, 0, 0, 0, 0, 0, 0, 0, 0, 0, 0, 0, 0, 0, 0, 0, 0, 0, 0, 0, 0, 0, 0, 0, 0, 0, 0, 0, 0, 0, 0, 0, 0, 0, 0, 0, 0, 0, 0, 0, 0, 0, 0, 0, 0, 0, 0, 0, 0, 0, 0, 0, 0, 0, 0, 0, 0, 0, 0, 0, 0, 0, 0, 0, 0, 0, 0, 0, 0, 0, 0, 0, 0, 0, 0, 0, 0, 0, 0, 0, 0, 0.06666666666666667, 0, 0, 0, 0, 0, 0, 0, 0, 0, 0, 0, 0, 0, 0, 0, 0, 0, 0, 0, 0, 0, 0, 0, 0, 0, 0, 0, 0, 0, 0, 0, 0, 0, 0, 0, 0, 0, 0, 0, 0, 0, 0, 0, 0, 0.16666666666666666, 0, 0, 0, 0, 0, 0, 0, 0, 0, 0, 0, 0, 0, 0, 0, 0, 0, 0, 0, 0, 0, 0, 0, 0, 0, 0, 0, 0, 0, 0, 0, 0, 0, 0, 0, 0, 0, 0, 0, 0, 0, 0, 0, 0, 0, 0, 0, 0, 0, 0, 0, 0, 0, 0, 0, 0, 0, 0, 0, 0, 0, 0, 0, 0, 0, 0, 0, 0, 0, 0, 0, 0, 0, 0, 0, 0, 0, 0, 0, 0, 0, 0, 0, 0, 0, 0, 0, 0, 0, 0, 0, 0, 0, 0, 0, 0, 0, 0, 0, 0, 0, 0, 0, 0, 0, 0, 0, 0, 0, 0, 0, 0, 0, 0, 0, 0, 0, 0, 0, 0, 0, 0, 0, 0, 0, 0, 0, 0, 0, 0, 0, 0, 0, 0, 0, 0, 0, 0, 0, 0, 0, 0, 0, 0, 0, 0, 0, 0, 0, 0, 0, 0, 0, 0, 0, 0, 0, 0, 0, 0, 0, 0, 0, 0, 0, 0, 0, 0, 0, 0, 0, 0, 0, 0, 0, 0, 0, 0, 0, 0, 0, 0, 0, 0, 0, 0, 0, 0, 0, 0, 0, 0, 0, 0, 0, 0, 0, 0, 0, 0, 0, 0, 0, 0, 0, 0, 0, 0, 0, 0, 0, 0, 0, 0, 0, 0, 0, 0, 0, 0, 0, 0, 0.047619047619047616, 0, 0, 0, 0, 0, 0, 0, 0, 0, 0, 0, 0, 0, 0, 0, 0, 0, 0, 0, 0, 0, 0, 0, 0, 0, 0, 0, 0, 0, 0, 0, 0, 0, 0, 0, 0, 0, 0, 0, 0, 0, 0, 0, 0, 0, 0, 0, 0, 0, 0, 0, 0, 0, 0, 0, 0, 0, 0, 0.1, 0, 0, 0, 0, 0, 0, 0, 0, 0, 0, 0, 0, 0, 0, 0, 0, 0, 0, 0, 0, 0, 0, 0, 0, 0, 0, 0, 0, 0, 0, 0, 0, 0, 0, 0, 0, 0, 0, 0, 0, 0, 0, 0, 0, 0, 0, 0, 0, 0, 0, 0, 0, 0, 0, 0, 0, 0, 0, 0, 0, 0, 0, 0, 0, 0, 0, 0, 0, 0, 0, 0, 0, 0, 0, 0, 0, 0, 0, 0, 0, 0, 0, 0, 0, 0, 0, 0, 0, 0, 0, 0, 0, 0, 0, 0, 0, 0, 0, 0, 0, 0, 0, 0, 0, 0, 0, 0, 0, 0, 0, 0, 0, 0, 0, 0, 0, 0, 0, 0, 0, 0, 0, 0, 0, 0, 0, 0, 0, 0, 0, 0, 0, 0, 0, 0, 0, 0, 0, 0, 0, 0, 0.047619047619047616, 0, 0, 0, 0, 0, 0, 0, 0, 0, 0.3333333333333333, 0, 0, 0, 0, 0, 0, 0, 0, 0, 0, 0, 0, 0, 0, 0, 0, 0, 0.06666666666666667, 0, 0, 0, 0, 0, 0, 0, 0, 0, 0, 0, 0, 0, 0, 0, 0, 0, 0, 0, 0, 0, 0, 0, 0, 0, 0, 0, 0, 0, 0, 0, 0, 0, 0, 0, 0, 0, 0, 0, 0, 0, 0, 0, 0, 0, 0, 0, 0, 0, 0, 0, 0, 0, 0, 0, 0, 0, 0, 0, 0, 0, 0, 0, 0, 0, 0, 0, 0, 0, 0, 0, 0, 0, 0, 0, 0, 0, 0, 0, 0, 0, 0, 0, 0, 0, 0, 0, 0, 0, 0, 0, 0, 0, 0, 0.16666666666666666, 0, 0, 0, 0, 0.16666666666666666, 0, 0, 0, 0, 0, 0, 0, 0, 0, 0, 0, 0, 0, 0, 0, 0, 0, 0, 0, 0, 0, 0, 0, 0, 0, 0, 0, 0, 0, 0, 0, 0, 0, 0, 0, 0, 0, 0, 0, 0, 0, 0, 0, 0, 0, 0, 0, 0, 0, 0, 0, 0, 0, 0, 0, 0, 0, 0, 0, 0, 0, 0, 0, 0, 0, 0, 0, 0, 0, 0, 0, 0, 0, 0, 0, 0, 0, 0, 0, 0, 0, 0, 0, 0, 0, 0, 0, 0, 0, 0, 0, 0, 0, 0, 0, 0, 0, 0, 0, 0, 0, 0, 0, 0, 0, 0, 0, 0, 0, 0, 0, 0, 0, 0, 0, 0, 0, 0.16666666666666666, 0, 0, 0, 0, 0, 0, 0, 0, 0, 0, 0, 0, 0, 0, 0, 0, 0, 0, 0, 0, 0, 0, 0, 0, 0, 0, 0, 0, 0, 0, 0, 0, 0, 0, 0, 0, 0, 0, 0, 0, 0, 0, 0, 0, 0, 0, 0.1, 0, 0, 0, 0, 0, 0, 0, 0, 0, 0, 0, 0, 0, 0, 0, 0, 0, 0, 0, 0, 0, 0, 0, 0, 0, 0, 0, 0, 0, 0, 0, 0, 0, 0, 0, 0, 0, 0, 0, 0, 0, 0, 0, 0, 0, 0, 0, 0, 0, 0, 0, 0, 0, 0, 0, 0, 0, 0, 0, 0, 0, 0, 0, 0, 0, 0, 0, 0, 0, 0, 0, 0, 0, 0, 0, 0, 0, 0, 0, 0, 0, 0, 0, 0, 0, 0, 0, 0, 0, 0, 0, 0, 0, 0, 0, 0, 0, 0, 0, 0, 0, 0, 0, 0, 0, 0, 0, 0, 0, 0, 0, 0, 0, 0, 0, 0, 1.0, 0, 0, 0, 0, 0, 0, 0, 0, 0, 0, 0, 0, 0, 0, 0, 0, 0, 0, 0, 0, 0, 0, 0, 0, 0, 0, 0, 0, 0, 0, 0, 0, 0, 0, 0, 0, 0, 0, 0, 0, 0, 0, 0, 0, 0, 0, 0, 0, 0, 0, 0, 0, 0, 0, 0, 0, 0, 0, 0, 0, 0, 0, 0, 0, 0, 0, 0, 0, 0, 0, 0, 0, 0, 0, 0, 0, 0, 0, 0, 0, 0, 0, 0, 0, 0, 0, 0, 0, 0, 0, 0, 0, 0, 0, 0, 0, 0, 0, 0, 0, 0, 0, 0, 0, 0, 0, 0, 0, 0, 0, 0, 0, 0, 0, 0, 0, 0, 0, 0.16666666666666666, 0, 0, 0, 0, 0, 0, 0, 0, 0, 0, 0, 0, 0, 0, 0, 0, 0, 0, 0, 0, 0, 0, 0, 0, 0, 0, 0, 0, 0, 0, 0, 0, 0, 0, 0, 0, 0, 0, 0, 0, 0, 0, 0, 0, 0, 0, 0, 0, 0, 0, 0, 0, 0, 0, 0, 0, 0, 0, 0, 0, 0, 0, 0, 0, 0, 0, 0, 0, 0, 0, 0, 0, 0, 0, 0, 0, 0, 0, 0, 0, 0, 0, 0, 0, 0, 0, 0, 0, 0, 0, 0, 0, 0, 0, 0, 0, 0, 0, 0, 0, 0, 0, 0, 0, 0, 0, 0, 0, 0, 0, 0, 0, 0, 0, 0, 0, 0, 0, 0, 0, 0, 0, 0, 0, 0, 0, 0, 0, 0, 0, 0, 0, 0, 0, 0, 0, 0, 0, 0, 0, 0, 0, 0, 0, 0, 0, 0, 0, 0, 0, 0, 0, 0, 0, 0, 0, 0, 0, 0, 0, 0, 0, 0, 0, 0, 0, 0, 0, 0, 0, 0, 0, 0, 0, 0, 0, 0, 0, 0, 0, 0, 0, 0, 0, 0, 0, 0, 0, 0, 0, 0, 0, 0, 0, 0, 0, 0, 0, 0, 0, 0, 0, 0, 0, 0, 0, 0, 0, 0, 0, 0, 0, 0, 0, 0, 0, 0, 0, 0, 0, 0, 0, 0, 0, 0, 0, 0, 0, 0, 0, 0, 0, 0, 0, 0, 0, 0, 0, 0, 0, 0, 0, 0, 0, 0, 0, 0, 0, 0, 0, 0, 0, 0, 0, 0, 0, 0, 0, 0, 0, 0, 0, 0, 0, 0, 0, 0, 0, 0, 0, 0, 0, 0, 0, 0, 0, 0, 0, 0, 0, 0.16666666666666666, 0, 0, 0, 0, 0, 0, 0, 0, 0, 0, 0, 0, 0, 0, 0, 0, 0, 0, 0, 0, 0, 0, 0, 0, 0, 0, 0, 0, 0, 0, 0, 0, 0, 0, 0, 0, 0, 0, 0, 0, 0, 0, 0, 0, 0, 0, 0, 0, 0, 0, 0, 0, 0, 0, 0, 0, 0, 0, 0, 0, 0, 0, 0, 0, 0, 0, 0, 0, 0, 0, 0, 0, 0, 0, 0, 0, 0, 0, 0, 0, 0.3333333333333333, 0, 0]
Clustering Coefficient Average: 0.0020217100556747846
Clustering Coefficient Variance: 0.0009249217839243745
Connected Component Sizes: [1445, 1, 1, 1, 1, 1, 1, 1, 1, 1, 1, 1, 1, 1, 1, 1, 1, 1, 1, 1, 1, 1, 1, 1, 1, 1, 1, 1, 2, 1, 1, 1, 1, 2, 1, 1, 2, 1, 1, 1, 1, 1, 1, 1, 1, 1, 1, 1, 1, 1, 1, 1, 1, 1, 2, 1, 1, 1, 1, 1, 1, 1, 1, 1, 1, 1, 1, 1, 1, 1, 1, 1, 1, 1, 1, 1, 1, 1, 1, 1, 1, 1, 1]
Connected Component Size Average: 18.44578313253012
Connected Component Size Variance: 24817.81332559151
